43.0615
640000000
7737
1805
0.011438
4287
0
0.005813
5783
0
0.006919
5583
0
0.007937
5638
0
0.006587
4813
0
0.00532
6886
0
0.00761
6346
0
0.007065
5295
0
0.005843
6916
0
0.007717
1138
538
0.001336
2940
0
0.003422
1751
0
0.002053
1173
0
0.001314
1429
0
0.001652
1172
0
0.001343
1397
0
0.001641
1890
0
0.002232
1149
0
0.0013
1445
0
0.001634
10968
40
0.01519
11215
0
0.014699
6574
0
0.007531
6307
0
0.008275
6875
0
0.008944
5557
0
0.006319
7781
0
0.008615
9605
0
0.012958
5975
0
0.007471
10173
0
0.012134
13062
0
0.01888
11947
93
0.0142
8198
0
0.009762
9908
0
0.012012
10102
0
0.01194
8304
0
0.01003
10480
0
0.015055
12639
0
0.016207
9122
0
0.011193
10807
0
0.015008
9995
0
0.013527
14799
126
0.019681
10750
0
0.012642
11280
0
0.013147
11520
0
0.040148
10610
0
0.012642
11883
0
0.014244
14590
0
0.019558
12239
0
0.014506
10709
0
0.012371
15186
0
0.022789
10600
92
0.012983
9807
0
0.011992
12460
0
0.016376
12051
0
0.014577
9998
0
0.012335
12618
0
0.017407
13592
0
0.017577
11357
0
0.01391
13345
0
0.017131
17979
0
0.030218
13199
254
0.018603
12860
0
0.016012
15874
0
0.030097
15369
0
0.02123
13037
0
0.01689
16254
0
0.022924
16733
0
0.024369
15315
0
0.022052
15288
0
0.021092
1094
0
0.001193
2504
606
0.003176
1275
0
0.00164
993
0
0.001316
1522
0
0.002084
900
0
0.00123
1715
0
0.00256
1320
0
0.001811
949
0
0.001238
1077
0
0.001453
9456
0
0.013283
6129
343
0.008396
4900
0
0.006197
4981
0
0.006259
4728
0
0.00627
4694
0
0.005847
4832
0
0.006168
5501
0
0.007098
4861
0
0.006201
9651
0
0.011928
49050
0
0.095263
53649
798
0.095188
119434
0
0.190897
37580
0
0.096808
33249
0
0.054638
108616
0
0.15792
49656
0
0.088262
48672
0
0.082284
45749
0
0.07656
40603
0
0.077182
