22.4313
320000000
6439
5349
0.010082
3604
0
0.005999
5243
0
0.00584
4868
0
0.005347
5021
0
0.005688
4262
0
0.00543
5970
0
0.007066
5462
0
0.006099
4571
0
0.005111
5628
0
0.006299
676
2122
0.001371
2253
0
0.002928
1307
0
0.001898
766
0
0.00139
1034
0
0.001751
851
0
0.001513
1010
0
0.001753
1499
0
0.002379
758
49
0.001389
883
0
0.001453
7940
3446
0.01184
9761
0
0.013927
5872
0
0.006913
5201
0
0.006015
5864
0
0.00662
4625
0
0.00534
6314
0
0.007174
8206
0
0.009926
4911
0
0.00571
7079
0
0.008457
10770
0
0.019257
10265
685
0.014152
7277
0
0.009511
8459
0
0.012323
8892
0
0.0118
6895
0
0.008656
9048
0
0.011521
11075
0
0.015658
7657
0
0.00988
8440
0
0.01079
6096
0
0.008519
6970
234
0.008406
7605
0
0.009458
7561
0
0.009418
7256
0
0.009587
7311
0
0.009089
7745
0
0.009883
9273
0
0.011875
8140
0
0.010093
7186
0
0.008663
10263
0
0.014484
4392
530
0.005509
6948
0
0.008335
9229
0
0.011892
8580
0
0.01091
6729
0
0.008954
8727
0
0.011717
9014
0
0.011595
7960
0
0.01105
8840
0
0.012221
11914
0
0.017594
9064
856
0.0114
8573
0
0.011008
10753
0
0.014331
10470
0
0.013881
8429
0
0.010992
11369
0
0.014959
11512
0
0.019024
10050
0
0.013985
9919
0
0.014341
526
78
0.001111
1872
2146
0.002541
708
125
0.001189
601
230
0.001113
1171
789
0.001756
607
2727
0.001277
853
6310
0.001545
784
360
0.001362
594
0
0.001134
717
0
0.001155
6685
0
0.007982
3806
1655
0.004854
3151
0
0.004042
2890
0
0.00369
2771
0
0.003582
2739
0
0.003758
3030
0
0.003914
3238
0
0.004062
3041
0
0.003939
6616
12
0.008006
15923
0
0.024453
15884
354
0.020551
12831
0
0.016705
15828
0
0.020297
14006
0
0.018305
12019
0
0.01571
15488
0
0.020183
19028
0
0.026273
14245
0
0.019239
17917
0
0.022777
