10.7192
160000000
614
1746
0.000833
755
0
0.000865
815
0
0.000908
237
0
0.000241
415
0
0.000518
655
0
0.000689
572
0
0.000484
455
0
0.00057
324
0
0.000285
708
123
0.000757
548
2575
0.000725
2105
1502
0.002212
1195
3017
0.001282
546
3236
0.000634
799
3324
0.000906
601
9958
0.000893
882
10333
0.001208
1395
5063
0.001583
605
5143
0.000774
707
10989
0.001002
2171
8344
0.002487
6949
0
0.008221
1420
0
0.001604
508
0
0.000423
1367
0
0.001237
955
0
0.000828
1469
0
0.001354
3194
0
0.003163
583
0
0.00049
1808
1091
0.001746
4691
6790
0.006849
7196
719
0.00784
2437
2963
0.002728
3389
7458
0.003916
3926
5545
0.0045
2714
6144
0.003077
3704
5199
0.004205
5568
17481
0.007374
2836
6593
0.0033
2887
2476
0.003036
3026
0
0.003017
4636
244
0.004776
5293
0
0.005478
5035
0
0.00512
4006
0
0.003923
4647
0
0.004621
4312
0
0.004278
5198
0
0.005473
4044
0
0.003983
4567
0
0.004628
3014
0
0.003129
806
242
0.000754
1520
0
0.001463
2674
33
0.002679
2758
0
0.002802
2128
0
0.002066
2482
0
0.002459
2510
0
0.002468
2130
0
0.00205
2141
0
0.002137
5139
1128
0.007446
4364
344
0.00421
3074
940
0.003201
4670
426
0.005216
4909
486
0.005459
3789
158
0.00402
5029
961
0.005953
5062
1110
0.00599
4479
192
0.004893
3491
31
0.00357
362
1340
0.000379
1695
8714
0.002025
528
2805
0.000574
341
2200
0.000391
1052
5155
0.001179
385
2083
0.000431
421
3971
0.000497
525
4112
0.000607
317
1810
0.000349
540
4880
0.000644
5847
5686
0.006678
2857
7110
0.003254
1968
3155
0.002164
1806
558
0.00183
1967
2730
0.002137
1922
2267
0.002042
2067
11474
0.002536
2491
6213
0.002806
2049
1932
0.002171
5549
3825
0.006273
2114
0
0.002038
7253
202
0.007929
1661
0
0.001718
901
0
0.000823
2144
2
0.002054
1350
0
0.001259
1826
0
0.00172
3567
0
0.003785
1042
0
0.000934
2016
0
0.001911
