10.5178
160000000
614
989
0.001457
755
0
0.001368
815
0
0.001373
237
0
0.000713
415
0
0.000894
655
0
0.001136
572
0
0.000968
455
0
0.00083
324
0
0.000711
708
0
0.001066
548
902
0.001068
2105
0
0.002565
1195
0
0.001732
546
43
0.001057
799
0
0.001262
601
0
0.00107
882
0
0.001323
1395
0
0.001821
605
0
0.00115
707
279
0.001303
2171
2107
0.002813
6949
0
0.008806
1420
0
0.002023
508
0
0.000978
1367
0
0.001719
955
0
0.001371
1469
0
0.001817
3194
0
0.00363
583
0
0.001002
1808
0
0.002234
4691
0
0.005858
7196
211
0.008372
2437
0
0.003134
3389
0
0.004092
3926
0
0.004696
2714
0
0.003425
3704
18
0.004562
5568
0
0.007003
2836
0
0.003545
2887
0
0.003499
3026
0
0.003619
4636
59
0.005372
5293
0
0.006086
5035
0
0.005685
4006
0
0.004524
4647
0
0.005232
4312
0
0.005241
5198
0
0.006252
4044
0
0.004489
4567
0
0.005081
3014
0
0.003587
806
104
0.001208
1520
0
0.001934
2674
0
0.00322
2758
0
0.003319
2128
0
0.002686
2482
0
0.003046
2510
0
0.003036
2130
0
0.002611
2141
0
0.002525
5139
0
0.007016
4364
146
0.004767
3074
0
0.00372
4670
0
0.005693
4909
0
0.00597
3789
0
0.004601
5029
0
0.006164
5062
0
0.00637
4479
0
0.005417
3491
0
0.004076
362
1328
0.000925
1695
1474
0.002168
528
39
0.000966
341
424
0.000802
1052
1473
0.001534
385
228
0.00086
421
311
0.000869
525
1176
0.000987
317
360
0.00083
540
624
0.000979
5847
0
0.006862
2857
882
0.003503
1968
0
0.002483
1806
0
0.002308
1967
0
0.002545
1922
0
0.002418
2067
0
0.002607
2491
0
0.003064
2049
0
0.00257
5549
0
0.006525
2114
0
0.00251
7253
37
0.009085
1661
0
0.002254
901
0
0.001285
2144
0
0.002576
1350
0
0.00177
1826
0
0.002215
3567
0
0.004327
1042
0
0.00145
2016
0
0.002394
