21.81
320000000
6439
1354
0.0092
3604
0
0.003761
5243
0
0.005325
4868
0
0.004917
5021
0
0.005079
4262
0
0.004256
5970
0
0.00608
5462
0
0.005589
4571
0
0.004585
5628
0
0.005785
676
237
0.000675
2253
0
0.002289
1307
0
0.001296
766
0
0.00075
1034
0
0.001008
851
0
0.000841
1010
0
0.000998
1499
0
0.001497
758
0
0.000761
883
0
0.001056
7940
800
0.01055
9761
0
0.013328
5872
0
0.006368
5201
0
0.005351
5864
0
0.006002
4625
0
0.004837
6314
0
0.006534
8206
0
0.009375
4911
0
0.005477
7079
0
0.00793
10770
0
0.017396
10265
56
0.012674
7277
0
0.008443
8459
0
0.010348
8892
0
0.010632
6895
0
0.007979
9048
0
0.010793
11075
0
0.014691
7657
0
0.009179
8440
0
0.009969
6096
0
0.006669
6970
56
0.007684
7605
0
0.008736
7561
0
0.008823
7256
0
0.008359
7311
0
0.008218
7745
0
0.008909
9273
0
0.010841
8140
0
0.009202
7186
0
0.007977
10263
0
0.013218
4392
102
0.004865
6948
0
0.00763
9229
0
0.011384
8580
0
0.010377
6729
0
0.007615
8727
0
0.010858
9014
0
0.010986
7960
0
0.009235
8840
0
0.010565
11914
0
0.016927
9064
184
0.010436
8573
0
0.010325
10753
0
0.013366
10470
0
0.013233
8429
0
0.010302
11369
0
0.014704
11512
0
0.01458
10050
0
0.01358
9919
0
0.012154
526
0
0.000488
1872
1100
0.00198
708
0
0.000676
601
0
0.000572
1171
0
0.001094
607
0
0.00058
853
0
0.000789
784
0
0.000745
594
0
0.000553
717
0
0.000675
6685
0
0.007549
3806
162
0.004209
3151
0
0.003475
2890
0
0.003164
2771
0
0.003043
2739
0
0.003029
3030
0
0.003464
3238
0
0.003604
3041
0
0.003453
6616
0
0.007519
15923
0
0.024337
15884
51
0.019562
12831
0
0.016035
15828
0
0.021308
14006
0
0.02057
12019
0
0.016079
15488
0
0.02006
19028
0
0.026779
14245
0
0.018752
17917
0
0.022708
