85.1321
1280000000
38669
42
0.099775
42704
0
0.113045
43599
0
0.114395
47577
0
0.126533
46316
0
0.121851
41187
0
0.111335
41323
0
0.104319
42227
0
0.12188
40341
0
0.120035
47539
0
0.126609
20897
21
0.036556
28763
0
0.091614
29313
0
0.070437
30456
0
0.090856
30559
0
0.07465
26741
0
0.084659
25117
0
0.080705
25327
0
0.056423
25173
0
0.056185
28634
0
0.067695
86200
0
0.211465
87948
0
0.231272
86395
0
0.220843
90353
0
0.263776
84868
0
0.21917
91080
0
0.236646
86237
0
0.214961
91614
0
0.234668
81406
0
0.227592
98901
0
0.239509
40079
0
0.103533
41743
5
0.109319
40752
0
0.101095
45529
0
0.119307
43678
0
0.116321
38429
0
0.12633
40071
0
0.105436
41552
0
0.114476
39867
0
0.10755
45401
0
0.116771
51022
0
0.130224
61499
11
0.158206
61484
0
0.173158
67020
0
0.174519
64420
0
0.166306
57622
0
0.15284
59859
0
0.157848
63480
0
0.176078
62475
0
0.174986
61408
0
0.159842
138465
0
0.326834
140761
18
0.322204
211855
0
0.454258
139017
0
0.338587
127338
0
0.323653
209073
0
0.447401
143271
0
0.343384
143208
0
0.332201
137949
0
0.336014
141426
0
0.335949
107517
0
0.310993
102756
12
0.269603
110901
0
0.29622
123218
0
0.312062
112720
0
0.324937
118061
0
0.302803
116145
0
0.295905
118124
0
0.295674
112527
0
0.308808
119681
0
0.280839
20171
0
0.035602
28383
2142
0.079211
28600
0
0.078911
30195
0
0.078138
25120
0
0.068157
24845
0
0.079536
28500
0
0.075849
29958
0
0.069553
25998
0
0.078946
24344
0
0.037842
38550
0
0.106493
37707
90
0.110868
37791
0
0.099557
40444
0
0.119257
38917
0
0.11907
35234
0
0.099998
34642
0
0.113996
34994
0
0.099218
36071
0
0.105927
46276
0
0.117798
96958
0
0.226743
109012
52
0.247007
177597
0
0.366572
102375
0
0.250311
95647
0
0.232131
164483
0
0.323467
106897
0
0.268586
105241
0
0.239264
104529
0
0.248209
99427
0
0.244376
