168.742
2560000000
46134
85061
0.124609
47712
0
0.124632
46134
0
0.109893
50132
0
0.115087
49724
0
0.125877
43902
0
0.105961
43779
0
0.112153
45859
0
0.121454
42574
0
0.099399
54719
36462
0.150132
27623
202134
0.088409
32218
0
0.105507
33610
0
0.082776
35552
453294
0.126829
35450
0
0.086822
31297
0
0.102532
29513
0
0.070984
29839
0
0.071464
29833
0
0.072383
34627
0
0.099064
120652
155903
0.36707
122433
0
0.427151
118434
0
0.363926
121441
0
0.4043
120480
0
0.372475
121819
0
0.359284
116390
0
0.345427
120476
0
0.352022
113819
0
0.368726
129230
2928078
0.487472
86356
0
0.284246
84158
14831
0.275713
83449
0
0.298989
90323
0
0.301788
91906
0
0.300915
81568
0
0.276531
85984
0
0.255101
85616
0
0.254202
87434
0
0.288004
87899
0
0.272369
130489
0
0.35546
134575
19743
0.353264
146025
0
0.383824
154397
0
0.393001
155369
0
0.418159
137712
0
0.358291
148224
0
0.408322
145059
0
0.37728
153629
0
0.401837
142041
0
0.390949
205032
0
0.543533
193363
90390
0.517376
276647
0
0.669466
209888
0
0.587074
197157
0
0.556941
274293
0
0.663629
215557
0
0.591209
208370
0
0.571297
211771
0
0.605606
202384
0
0.603943
170076
0
0.511908
154785
60780
0.504928
169576
0
0.53542
185078
0
0.588169
177762
0
0.569914
177632
0
0.52518
182398
0
0.570887
178926
0
0.546774
181624
0
0.5512
177902
0
0.559464
25220
164614
0.072302
30978
2662643
0.189902
31195
3700873
0.210483
33558
4758919
0.290171
28095
2091377
0.142244
27533
3587757
0.18268
33103
4760175
0.26361
32939
5285066
0.296848
28562
4053621
0.190867
27107
2896516
0.163842
55040
0
0.150317
50610
373838
0.172059
50729
0
0.133648
55356
0
0.162272
54264
0
0.152704
50796
0
0.139276
48606
0
0.175087
50270
0
0.134386
49476
0
0.128434
63146
0
0.201342
219425
0
0.578983
230626
28847
0.647591
301528
0
0.765754
235818
0
0.643471
230821
0
0.619796
292554
0
0.700053
239321
0
0.638051
236616
0
0.631168
243916
0
0.638285
220692
0
0.581138
