42.4961
640000000
7737
8311
0.011785
4287
0
0.005809
5783
0
0.006354
5583
0
0.006582
5638
0
0.006515
4813
0
0.005248
6886
0
0.007618
6346
0
0.007118
5295
0
0.005882
6916
0
0.007765
1138
3439
0.001475
2940
0
0.003699
1751
0
0.002064
1173
0
0.001319
1429
0
0.001642
1172
0
0.001337
1397
0
0.001658
1890
0
0.002213
1149
0
0.001322
1445
0
0.001698
10968
4635
0.015941
11215
0
0.014592
6574
0
0.007682
6307
0
0.006983
6875
0
0.008295
5557
0
0.006628
7781
0
0.008704
9605
0
0.011277
5975
0
0.007119
10173
0
0.012578
13062
0
0.018486
11947
887
0.014471
8198
0
0.009917
9908
0
0.012076
10102
0
0.012364
8304
0
0.010112
10480
0
0.012917
12639
0
0.016109
9122
0
0.011202
10807
0
0.013089
9995
0
0.014275
14799
471
0.019661
10750
0
0.012765
11280
0
0.013155
11520
0
0.013565
10610
0
0.01234
11883
0
0.014244
14590
0
0.018563
12239
0
0.015276
10709
0
0.012316
15186
0
0.024446
10600
930
0.013061
9807
0
0.011966
12460
0
0.015506
12051
0
0.014552
9998
0
0.012377
12618
0
0.015455
13592
0
0.017969
11357
0
0.013952
13345
0
0.01676
17979
0
0.0319
13199
1457
0.01689
12860
0
0.015988
15874
0
0.022129
15369
0
0.02108
13037
0
0.017638
16254
0
0.022775
16733
0
0.024943
15315
0
0.021295
15288
0
0.020921
1094
0
0.001189
2504
21863
0.003466
1275
137
0.001459
993
36
0.001076
1522
3084
0.001817
900
2928
0.001115
1715
30673
0.002857
1320
3215
0.001707
949
0
0.001109
1077
0
0.001239
9456
0
0.011959
6129
2798
0.008511
4900
0
0.006173
4981
0
0.00615
4728
0
0.006176
4694
0
0.006355
4832
0
0.006417
5501
0
0.007032
4861
0
0.006104
9651
24
0.011877
49050
0
0.089499
53649
5052
0.087971
119434
0
0.185549
37580
0
0.075782
33249
0
0.052159
108616
0
0.161926
49656
0
0.094331
48672
0
0.081808
45749
0
0.076642
40603
0
0.069313
