85.6364
1280000000
38669
27637
0.09864
42704
0
0.118027
43599
0
0.108625
47577
0
0.115519
46316
0
0.115993
41187
0
0.111686
41323
0
0.11486
42227
0
0.111507
40341
0
0.105876
47539
0
0.117642
20897
36617
0.041754
28763
0
0.072792
29313
0
0.078191
30456
0
0.086769
30559
0
0.082492
26741
0
0.068712
25117
0
0.058027
25327
0
0.062796
25173
0
0.05686
28634
0
0.073739
86200
24832
0.210516
87948
0
0.22912
86395
0
0.213979
90353
0
0.222965
84868
0
0.237829
91080
0
0.224215
86237
0
0.214913
91614
0
0.227547
81406
0
0.208905
98901
0
0.246709
40079
0
0.119468
41743
2437
0.123459
40752
0
0.105568
45529
0
0.113503
43678
0
0.112446
38429
0
0.117518
40071
0
0.114348
41552
0
0.106929
39867
0
0.125498
45401
0
0.152777
51022
0
0.13288
61499
1583
0.156268
61484
0
0.170103
67020
0
0.173408
64420
0
0.170649
57622
0
0.167839
59859
0
0.184822
63480
0
0.168043
62475
0
0.169919
61408
0
0.169148
138465
0
0.333564
140761
18807
0.321075
211855
0
0.432378
139017
0
0.33962
127338
0
0.302936
209073
0
0.42925
143271
0
0.352175
143208
0
0.332015
137949
0
0.319054
141426
0
0.334487
107517
0
0.253655
102756
8875
0.26868
110901
0
0.302377
123218
0
0.33332
112720
0
0.305188
118061
0
0.284341
116145
0
0.293664
118124
0
0.297492
112527
0
0.307359
119681
0
0.297166
20171
0
0.036943
28383
977154
0.12495
28600
0
0.085909
30195
0
0.07864
25120
0
0.065013
24845
0
0.058258
28500
0
0.068149
29958
0
0.081591
25998
0
0.068589
24344
0
0.044754
38550
0
0.101605
37707
30824
0.11291
37791
0
0.123447
40444
0
0.119024
38917
0
0.110959
35234
0
0.104456
34642
0
0.100821
34994
0
0.096669
36071
0
0.117031
46276
0
0.129847
96958
0
0.228857
109012
5242
0.267433
177597
0
0.348562
102375
0
0.292142
95647
0
0.258197
164483
0
0.368648
106897
0
0.251216
105241
0
0.342166
104529
0
0.262377
99427
0
0.248025
