50.0112
640000000
7737
10429
0.012752
4287
0
0.006008
5783
0
0.006625
5583
0
0.006181
5638
0
0.006159
4813
0
0.005292
6886
0
0.007893
6346
0
0.007251
5295
0
0.005832
6916
7356
0.008091
1138
8794
0.001753
2940
0
0.003629
1751
0
0.002143
1173
5471
0.001543
1429
525
0.0017
1172
194
0.001425
1397
1548
0.001796
1890
0
0.002381
1149
8120
0.001814
1445
2266
0.002618
10968
15659
0.018371
11215
0
0.017326
6574
0
0.007902
6307
0
0.006986
6875
0
0.007764
5557
0
0.006271
7781
0
0.008852
9605
0
0.01143
5975
0
0.00683
10173
74337
0.015781
13062
0
0.019497
11947
1163
0.016272
8198
0
0.009901
9908
0
0.012421
10102
0
0.014052
8304
0
0.010383
10480
0
0.012801
12639
0
0.015625
9122
0
0.011285
10807
0
0.013075
9995
0
0.013245
14799
933
0.018943
10750
0
0.014547
11280
0
0.013969
11520
0
0.015213
10610
0
0.012794
11883
0
0.013991
14590
0
0.018561
12239
0
0.014897
10709
0
0.012354
15186
0
0.023493
10600
1479
0.013601
9807
0
0.012019
12460
0
0.017519
12051
0
0.014589
9998
0
0.012173
12618
0
0.015527
13592
0
0.017714
11357
0
0.013913
13345
0
0.016722
17979
0
0.0354
13199
1716
0.018167
12860
0
0.015948
15874
0
0.022683
15369
0
0.021515
13037
0
0.016606
16254
0
0.022997
16733
0
0.025312
15315
0
0.026049
15288
0
0.021124
1094
7121
0.001442
2504
23538
0.003556
1275
14173
0.001924
993
10129
0.001456
1522
27806
0.002504
900
4880
0.001457
1715
37021
0.003209
1320
19529
0.002254
949
14291
0.00177
1077
3392
0.001446
9456
0
0.012348
6129
5094
0.008536
4900
0
0.006125
4981
0
0.006165
4728
0
0.005932
4694
0
0.005941
4832
0
0.006135
5501
0
0.008524
4861
0
0.0072
9651
1319
0.012383
49050
0
0.093711
53649
4670
0.097287
119434
0
0.193
37580
0
0.073607
33249
0
0.057978
108616
0
0.16803
49656
0
0.093211
48672
0
0.092274
45749
0
0.086915
40603
0
0.068948
