168.05
2560000000
46134
32267
0.111539
47712
0
0.110757
46134
0
0.104126
50132
0
0.11101
49724
0
0.113451
43902
0
0.105705
43779
0
0.101636
45859
0
0.110238
42574
0
0.106653
54719
0
0.17733
27623
49926
0.078559
32218
0
0.082505
33610
0
0.087718
35552
0
0.09597
35450
0
0.0862
31297
0
0.083873
29513
0
0.078094
29839
0
0.107708
29833
0
0.088006
34627
0
0.092555
120652
3285
0.344883
122433
0
0.390022
118434
0
0.352256
121441
0
0.381274
120480
0
0.354422
121819
0
0.33123
116390
0
0.359081
120476
0
0.351364
113819
0
0.354963
129230
0
0.389272
86356
0
0.288097
84158
5053
0.273862
83449
0
0.296144
90323
0
0.305205
91906
0
0.295849
81568
0
0.266637
85984
0
0.265398
85616
0
0.269346
87434
0
0.280639
87899
0
0.283594
130489
0
0.355689
134575
4301
0.381984
146025
0
0.380824
154397
0
0.421642
155369
0
0.413929
137712
0
0.374658
148224
0
0.410513
145059
0
0.375774
153629
0
0.42662
142041
0
0.395667
205032
0
0.565729
193363
19055
0.537021
276647
0
0.695801
209888
0
0.605151
197157
0
0.552774
274293
0
0.714046
215557
0
0.633552
208370
0
0.609009
211771
0
0.612532
202384
0
0.566552
170076
0
0.47844
154785
8824
0.462245
169576
0
0.533036
185078
0
0.585851
177762
0
0.55031
177632
0
0.571627
182398
0
0.589898
178926
0
0.554169
181624
0
0.570378
177902
0
0.564038
25220
0
0.063456
30978
371203
0.105089
31195
0
0.080112
33558
0
0.119037
28095
0
0.076858
27533
0
0.074366
33103
0
0.088603
32939
0
0.085248
28562
0
0.080656
27107
0
0.072649
55040
0
0.153681
50610
21938
0.163823
50729
0
0.14272
55356
0
0.166948
54264
0
0.160141
50796
0
0.145378
48606
0
0.150721
50270
0
0.136376
49476
0
0.145701
63146
0
0.211176
219425
0
0.562552
230626
10156
0.612704
301528
0
0.732674
235818
0
0.633684
230821
0
0.624304
292554
0
0.683417
239321
0
0.631529
236616
0
0.620635
243916
0
0.6325
220692
0
0.596491
