85.4525
1280000000
38669
56944
0.108407
42704
0
0.132695
43599
0
0.120814
47577
0
0.12731
46316
0
0.125495
41187
0
0.114703
41323
0
0.121416
42227
0
0.116121
40341
0
0.111976
47539
169444
0.136676
20897
117378
0.045589
28763
0
0.076876
29313
0
0.087386
30456
153850
0.085097
30559
0
0.090861
26741
0
0.101463
25117
3600
0.06442
25327
0
0.05979
25173
0
0.07422
28634
6566
0.073026
86200
105533
0.221426
87948
0
0.22214
86395
0
0.217002
90353
0
0.228745
84868
0
0.254603
91080
0
0.226014
86237
0
0.220997
91614
0
0.231044
81406
0
0.215653
98901
1359237
0.33393
40079
0
0.109684
41743
4490
0.116451
40752
0
0.114119
45529
0
0.128746
43678
0
0.120206
38429
0
0.104753
40071
0
0.112589
41552
0
0.118496
39867
0
0.110725
45401
0
0.147041
51022
0
0.136724
61499
4415
0.164128
61484
0
0.16325
67020
0
0.177787
64420
0
0.169741
57622
0
0.147628
59859
0
0.183448
63480
0
0.169742
62475
0
0.174806
61408
0
0.172106
138465
0
0.319157
140761
39962
0.352202
211855
0
0.460996
139017
0
0.343687
127338
0
0.308966
209073
0
0.458484
143271
0
0.334904
143208
0
0.337479
137949
0
0.327719
141426
0
0.316068
107517
0
0.269505
102756
24462
0.269186
110901
0
0.279788
123218
0
0.302018
112720
0
0.296942
118061
0
0.295947
116145
0
0.289011
118124
0
0.30248
112527
0
0.28239
119681
0
0.293451
20171
192293
0.052903
28383
1824380
0.160433
28600
1804047
0.137707
30195
1022420
0.110647
25120
2292735
0.157911
24845
989174
0.083897
28500
3058187
0.174855
29958
1874676
0.145163
25998
1376803
0.131185
24344
1112473
0.0854
38550
0
0.099564
37707
139278
0.106837
37791
0
0.108717
40444
0
0.115492
38917
0
0.115605
35234
0
0.101162
34642
0
0.094274
34994
0
0.088369
36071
0
0.106197
46276
0
0.117401
96958
0
0.235355
109012
8429
0.250234
177597
0
0.348346
102375
0
0.284522
95647
0
0.241077
164483
0
0.338954
106897
0
0.262869
105241
0
0.286843
104529
0
0.235945
99427
0
0.232667
