21.6287
320000000
6439
2548
0.009125
3604
0
0.003797
5243
0
0.005667
4868
0
0.005035
5021
0
0.005428
4262
0
0.00468
5970
0
0.00625
5462
0
0.005774
4571
0
0.004726
5628
0
0.005933
676
777
0.000711
2253
0
0.002488
1307
0
0.001362
766
0
0.000841
1034
0
0.001211
851
0
0.000991
1010
0
0.001057
1499
0
0.001605
758
0
0.000858
883
0
0.000957
7940
2067
0.011707
9761
0
0.01372
5872
0
0.006621
5201
0
0.005431
5864
0
0.006304
4625
0
0.005014
6314
0
0.006938
8206
0
0.009577
4911
0
0.005397
7079
0
0.00827
10770
0
0.015889
10265
180
0.015192
7277
0
0.008946
8459
0
0.01035
8892
0
0.012985
6895
0
0.008598
9048
0
0.011887
11075
0
0.014924
7657
0
0.009438
8440
0
0.010286
6096
0
0.006839
6970
105
0.007896
7605
0
0.00866
7561
0
0.009009
7256
0
0.008514
7311
0
0.008061
7745
0
0.01033
9273
0
0.011634
8140
0
0.009424
7186
0
0.00834
10263
0
0.014547
4392
185
0.004878
6948
0
0.007688
9229
0
0.011364
8580
0
0.010317
6729
0
0.007665
8727
0
0.010462
9014
0
0.011003
7960
0
0.009299
8840
0
0.010568
11914
0
0.019807
9064
375
0.010646
8573
0
0.011229
10753
0
0.014743
10470
0
0.013088
8429
0
0.01037
11369
0
0.014409
11512
0
0.014797
10050
0
0.012703
9919
0
0.012213
526
0
0.000489
1872
1597
0.002014
708
0
0.000679
601
0
0.00057
1171
0
0.001143
607
0
0.000588
853
0
0.000802
784
0
0.000759
594
0
0.000559
717
0
0.00069
6685
0
0.007509
3806
370
0.00422
3151
0
0.003504
2890
0
0.003645
2771
0
0.003567
2739
0
0.003199
3030
0
0.003383
3238
0
0.003645
3041
0
0.003471
6616
0
0.007504
15923
0
0.02575
15884
106
0.019756
12831
0
0.016565
15828
0
0.01984
14006
0
0.017981
12019
0
0.015272
15488
0
0.022998
19028
0
0.028974
14245
0
0.031233
17917
0
0.022875
