43.5029
640000000
7737
6161
0.012648
4287
0
0.006361
5783
0
0.007038
5583
0
0.00659
5638
0
0.006705
4813
0
0.005779
6886
0
0.008303
6346
0
0.007905
5295
0
0.006426
6916
0
0.008347
1138
2348
0.001933
2940
0
0.003963
1751
0
0.0026
1173
0
0.001796
1429
0
0.002195
1172
0
0.001876
1397
0
0.002142
1890
0
0.002738
1149
0
0.002123
1445
0
0.002847
10968
4589
0.017468
11215
0
0.01792
6574
0
0.008568
6307
0
0.007599
6875
0
0.008239
5557
0
0.006817
7781
0
0.009174
9605
0
0.012331
5975
0
0.007591
10173
0
0.01293
13062
0
0.020028
11947
611
0.015344
8198
0
0.01092
9908
0
0.012687
10102
0
0.043117
8304
0
0.011254
10480
0
0.013455
12639
0
0.016195
9122
0
0.011734
10807
0
0.013601
9995
0
0.013661
14799
336
0.023988
10750
0
0.01377
11280
0
0.015342
11520
0
0.014202
10610
0
0.012882
11883
0
0.014724
14590
0
0.018843
12239
0
0.015142
10709
0
0.013016
15186
0
0.027539
10600
669
0.014392
9807
0
0.013734
12460
0
0.015984
12051
0
0.015234
9998
0
0.013027
12618
0
0.016296
13592
0
0.018282
11357
0
0.014528
13345
0
0.017724
17979
0
0.038517
13199
962
0.017193
12860
0
0.016807
15874
0
0.022907
15369
0
0.021886
13037
0
0.017382
16254
0
0.026361
16733
0
0.026296
15315
0
0.023785
15288
0
0.021346
1094
0
0.001766
2504
13990
0.003805
1275
0
0.001959
993
0
0.001626
1522
0
0.002191
900
0
0.001509
1715
364
0.002565
1320
0
0.002107
949
0
0.001594
1077
0
0.001721
9456
0
0.012559
6129
1610
0.008952
4900
0
0.006626
4981
0
0.006696
4728
0
0.00648
4694
0
0.007799
4832
0
0.008704
5501
0
0.008202
4861
0
0.006843
9651
0
0.019295
49050
0
0.094173
53649
3530
0.090726
119434
0
0.207956
37580
0
0.071409
33249
0
0.052886
108616
0
0.172049
49656
0
0.104443
48672
0
0.083404
45749
0
0.093564
40603
0
0.064832
