170.975
2560000000
46134
21350
0.116372
47712
0
0.116422
46134
0
0.121404
50132
0
0.153288
49724
0
0.132503
43902
0
0.099974
43779
0
0.113181
45859
0
0.123077
42574
0
0.097311
54719
0
0.151616
27623
25305
0.064077
32218
0
0.088129
33610
0
0.082163
35552
0
0.104594
35450
0
0.087158
31297
0
0.092326
29513
0
0.09399
29839
0
0.089351
29833
0
0.071555
34627
0
0.102924
120652
0
0.367035
122433
0
0.376613
118434
0
0.384008
121441
0
0.361894
120480
0
0.353226
121819
0
0.370126
116390
0
0.354567
120476
0
0.351857
113819
0
0.350785
129230
0
0.401302
86356
0
0.273771
84158
1308
0.272641
83449
0
0.275797
90323
0
0.310549
91906
0
0.29572
81568
0
0.284822
85984
0
0.292061
85616
0
0.26201
87434
0
0.285015
87899
0
0.293175
130489
0
0.349578
134575
1698
0.4049
146025
0
0.394592
154397
0
0.458765
155369
0
0.412611
137712
0
0.394796
148224
0
0.39365
145059
0
0.383221
153629
0
0.406613
142041
0
0.390641
205032
0
0.564248
193363
4984
0.511268
276647
0
0.689322
209888
0
0.604025
197157
0
0.570785
274293
0
0.683649
215557
0
0.598937
208370
0
0.595858
211771
0
0.610125
202384
0
0.587498
170076
0
0.492344
154785
2956
0.464911
169576
0
0.519557
185078
0
0.549551
177762
0
0.533894
177632
0
0.539412
182398
0
0.549983
178926
0
0.540284
181624
0
0.5361
177902
0
0.551159
25220
0
0.079135
30978
100760
0.083921
31195
0
0.081352
33558
0
0.083536
28095
0
0.067155
27533
0
0.076444
33103
0
0.079603
32939
0
0.091259
28562
0
0.06868
27107
0
0.081454
55040
0
0.158203
50610
7227
0.134189
50729
0
0.158218
55356
0
0.166122
54264
0
0.156835
50796
0
0.14535
48606
0
0.135536
50270
0
0.130217
49476
0
0.153029
63146
0
0.189121
219425
0
0.581288
230626
3084
0.599775
301528
0
0.725964
235818
0
0.636732
230821
0
0.631749
292554
0
0.691816
239321
0
0.59738
236616
0
0.589913
243916
0
0.613505
220692
0
0.594711
