10.5706
160000000
614
245
0.001381
755
0
0.001404
815
0
0.001421
237
0
0.000739
415
0
0.000983
655
0
0.001147
572
0
0.000985
455
0
0.000876
324
0
0.000774
708
0
0.001124
548
25
0.001065
2105
0
0.002596
1195
0
0.00165
546
0
0.001022
799
0
0.001258
601
0
0.001082
882
0
0.001345
1395
0
0.001872
605
0
0.001079
707
0
0.001182
2171
25
0.002649
6949
0
0.008652
1420
0
0.001946
508
0
0.001208
1367
0
0.001801
955
0
0.001416
1469
0
0.001888
3194
0
0.003687
583
0
0.001029
1808
0
0.002489
4691
0
0.006216
7196
8
0.008453
2437
0
0.003158
3389
0
0.004113
3926
0
0.004721
2714
0
0.003481
3704
0
0.004726
5568
0
0.00702
2836
0
0.003591
2887
0
0.003528
3026
0
0.003592
4636
3
0.005375
5293
0
0.006035
5035
0
0.005659
4006
0
0.004443
4647
0
0.005305
4312
0
0.004864
5198
0
0.005917
4044
0
0.004463
4567
0
0.005092
3014
0
0.003572
806
13
0.00127
1520
0
0.002069
2674
0
0.003176
2758
0
0.003275
2128
0
0.002558
2482
0
0.002968
2510
0
0.003108
2130
0
0.002612
2141
0
0.002568
5139
0
0.006562
4364
30
0.004758
3074
0
0.003694
4670
0
0.005737
4909
0
0.006061
3789
0
0.00457
5029
0
0.006682
5062
0
0.006322
4479
0
0.0054
3491
0
0.004075
362
0
0.000797
1695
715
0.002215
528
0
0.000956
341
0
0.000789
1052
0
0.001443
385
0
0.000815
421
0
0.00082
525
0
0.001004
317
0
0.000847
540
0
0.001012
5847
0
0.007168
2857
44
0.003556
1968
0
0.002774
1806
0
0.002324
1967
0
0.002571
1922
0
0.002523
2067
0
0.002681
2491
0
0.003118
2049
0
0.002677
5549
0
0.006507
2114
0
0.002538
7253
2
0.008293
1661
0
0.002252
901
0
0.001322
2144
0
0.00273
1350
0
0.001797
1826
0
0.002252
3567
0
0.004272
1042
0
0.001456
2016
0
0.002534
