10.8045
160000000
614
991
0.001658
755
0
0.001439
815
0
0.001441
237
0
0.000738
415
0
0.000922
655
0
0.001086
572
0
0.000946
455
0
0.000836
324
0
0.000715
708
0
0.001087
548
1520
0.001072
2105
18
0.002571
1195
442
0.001642
546
802
0.001028
799
219
0.001243
601
818
0.001055
882
374
0.001453
1395
623
0.001852
605
1571
0.001143
707
3222
0.001248
2171
4918
0.002876
6949
0
0.008861
1420
0
0.001931
508
0
0.00089
1367
0
0.00168
955
0
0.001345
1469
0
0.001823
3194
0
0.003569
583
0
0.001004
1808
0
0.002174
4691
85
0.005876
7196
300
0.008571
2437
18
0.003088
3389
126
0.004048
3926
20
0.00476
2714
31
0.003584
3704
743
0.004604
5568
434
0.006897
2836
713
0.003588
2887
0
0.00341
3026
0
0.003636
4636
82
0.005571
5293
0
0.006133
5035
0
0.005705
4006
0
0.004458
4647
0
0.005151
4312
0
0.004862
5198
0
0.005918
4044
0
0.004429
4567
0
0.005078
3014
0
0.003593
806
171
0.001207
1520
0
0.002088
2674
0
0.003193
2758
0
0.003278
2128
0
0.002537
2482
0
0.002992
2510
0
0.003004
2130
0
0.002555
2141
0
0.002525
5139
9
0.00651
4364
196
0.004686
3074
4
0.003654
4670
0
0.005639
4909
17
0.005907
3789
0
0.004515
5029
0
0.006117
5062
17
0.006164
4479
0
0.005518
3491
0
0.004714
362
857
0.000902
1695
1517
0.002196
528
1393
0.001013
341
1088
0.000832
1052
5074
0.001641
385
1188
0.000872
421
3046
0.000967
525
3200
0.001069
317
1365
0.000802
540
5819
0.001167
5847
211
0.007172
2857
1789
0.00353
1968
15
0.002526
1806
0
0.002375
1967
0
0.002547
1922
0
0.002407
2067
504
0.00284
2491
108
0.003084
2049
138
0.002594
5549
210
0.007006
2114
0
0.002521
7253
70
0.008318
1661
0
0.002229
901
0
0.001291
2144
0
0.002572
1350
0
0.00174
1826
0
0.002209
3567
0
0.004257
1042
0
0.00141
2016
0
0.002351
