21.4431
320000000
6439
3652
0.010231
3604
0
0.004688
5243
0
0.007142
4868
0
0.005694
5021
0
0.005732
4262
0
0.00476
5970
0
0.006729
5462
0
0.006339
4571
0
0.005661
5628
0
0.006606
676
1509
0.001261
2253
0
0.002829
1307
0
0.001807
766
0
0.001322
1034
0
0.001608
851
0
0.001355
1010
0
0.001471
1499
0
0.001979
758
0
0.001231
883
0
0.001368
7940
2530
0.011321
9761
0
0.013879
5872
0
0.006901
5201
0
0.005855
5864
0
0.006528
4625
0
0.00535
6314
0
0.007037
8206
0
0.009833
4911
0
0.005854
7079
0
0.008396
10770
0
0.018106
10265
425
0.01329
7277
0
0.010473
8459
0
0.011407
8892
0
0.011284
6895
0
0.008617
9048
0
0.011456
11075
0
0.01541
7657
0
0.009766
8440
0
0.010606
6096
0
0.007235
6970
168
0.008147
7605
0
0.009119
7561
0
0.011067
7256
0
0.008922
7311
0
0.008875
7745
0
0.009563
9273
0
0.013546
8140
0
0.010133
7186
0
0.008355
10263
0
0.015435
4392
298
0.005465
6948
0
0.008275
9229
0
0.011844
8580
0
0.010763
6729
0
0.008301
8727
0
0.010964
9014
0
0.013674
7960
0
0.010661
8840
0
0.010931
11914
0
0.020202
9064
708
0.011297
8573
0
0.010799
10753
0
0.014223
10470
0
0.013717
8429
0
0.010949
11369
0
0.014868
11512
0
0.015467
10050
0
0.013168
9919
0
0.014729
526
0
0.001065
1872
2012
0.002529
708
0
0.001142
601
0
0.001047
1171
0
0.001598
607
0
0.001058
853
0
0.001273
784
0
0.001221
594
0
0.001079
717
0
0.001258
6685
0
0.009035
3806
927
0.004855
3151
0
0.004008
2890
0
0.003719
2771
0
0.003614
2739
0
0.0036
3030
0
0.003944
3238
0
0.00408
3041
0
0.003896
6616
5
0.007966
15923
0
0.024044
15884
229
0.020445
12831
0
0.017009
15828
0
0.024675
14006
0
0.020092
12019
0
0.016882
15488
0
0.020064
19028
0
0.027194
14245
0
0.018864
17917
0
0.022822
