85.0495
1280000000
38669
17796
0.10662
42704
0
0.120376
43599
0
0.116958
47577
0
0.124022
46316
0
0.15013
41187
0
0.115758
41323
0
0.116868
42227
0
0.115634
40341
0
0.10877
47539
0
0.129403
20897
19666
0.042548
28763
0
0.075439
29313
0
0.078186
30456
0
0.074101
30559
0
0.101979
26741
0
0.073384
25117
0
0.060342
25327
0
0.057254
25173
0
0.063676
28634
0
0.069621
86200
10240
0.211558
87948
0
0.223043
86395
0
0.234401
90353
0
0.220585
84868
0
0.216806
91080
0
0.221096
86237
0
0.214954
91614
0
0.215892
81406
0
0.199494
98901
0
0.248322
40079
0
0.101575
41743
1616
0.11626
40752
0
0.112611
45529
0
0.132648
43678
0
0.116711
38429
0
0.114665
40071
0
0.11388
41552
0
0.108888
39867
0
0.111815
45401
0
0.127669
51022
0
0.131307
61499
1049
0.163637
61484
0
0.165684
67020
0
0.182067
64420
0
0.172776
57622
0
0.155597
59859
0
0.169161
63480
0
0.168535
62475
0
0.173937
61408
0
0.167463
138465
0
0.314005
140761
8348
0.339319
211855
0
0.427201
139017
0
0.33501
127338
0
0.339766
209073
0
0.441145
143271
0
0.331094
143208
0
0.366132
137949
0
0.336721
141426
0
0.330703
107517
0
0.26317
102756
4606
0.254306
110901
0
0.280107
123218
0
0.324597
112720
0
0.28696
118061
0
0.295492
116145
0
0.311275
118124
0
0.290054
112527
0
0.29379
119681
0
0.316519
20171
0
0.037188
28383
216685
0.08686
28600
0
0.07073
30195
0
0.073709
25120
0
0.058932
24845
0
0.051913
28500
0
0.067983
29958
0
0.072861
25998
0
0.067322
24344
0
0.038086
38550
0
0.097941
37707
12833
0.101199
37791
0
0.12024
40444
0
0.108789
38917
0
0.103857
35234
0
0.093831
34642
0
0.088147
34994
0
0.089802
36071
0
0.095345
46276
0
0.11615
96958
0
0.239758
109012
3450
0.250859
177597
0
0.379705
102375
0
0.259711
95647
0
0.259773
164483
0
0.334024
106897
0
0.253825
105241
0
0.269705
104529
0
0.248878
99427
0
0.243686
