85.873
1280000000
38669
38084
0.098037
42704
0
0.127525
43599
0
0.119672
47577
0
0.126098
46316
0
0.120501
41187
0
0.10613
41323
0
0.110862
42227
0
0.123676
40341
0
0.106053
47539
0
0.118894
20897
63657
0.040462
28763
0
0.072089
29313
0
0.077954
30456
0
0.073012
30559
0
0.092036
26741
0
0.066989
25117
0
0.064985
25327
0
0.056607
25173
0
0.064242
28634
0
0.078142
86200
29022
0.2328
87948
0
0.227463
86395
0
0.223995
90353
0
0.233301
84868
0
0.217278
91080
0
0.245742
86237
0
0.214252
91614
0
0.224495
81406
0
0.20989
98901
15766
0.244692
40079
0
0.106061
41743
3396
0.112778
40752
0
0.106818
45529
0
0.120723
43678
0
0.114132
38429
0
0.100601
40071
0
0.113388
41552
0
0.109988
39867
0
0.131875
45401
0
0.111934
51022
0
0.127111
61499
2450
0.154294
61484
0
0.155403
67020
0
0.166388
64420
0
0.163899
57622
0
0.17508
59859
0
0.154893
63480
0
0.161498
62475
0
0.16425
61408
0
0.148547
138465
0
0.329333
140761
32056
0.311209
211855
0
0.447353
139017
0
0.320959
127338
0
0.297416
209073
0
0.438121
143271
0
0.324692
143208
0
0.325455
137949
0
0.335809
141426
0
0.334902
107517
0
0.269613
102756
13563
0.24191
110901
0
0.283361
123218
0
0.312693
112720
0
0.282963
118061
0
0.301769
116145
0
0.284343
118124
0
0.289073
112527
0
0.302459
119681
0
0.29902
20171
0
0.036405
28383
1628456
0.140737
28600
0
0.069341
30195
0
0.081643
25120
8993
0.066007
24845
0
0.06533
28500
508359
0.10682
29958
421531
0.102432
25998
0
0.069378
24344
0
0.046419
38550
0
0.09741
37707
62359
0.11185
37791
0
0.112854
40444
0
0.122253
38917
0
0.107755
35234
0
0.096318
34642
0
0.09142
34994
0
0.103895
36071
0
0.131925
46276
0
0.119654
96958
0
0.237216
109012
6732
0.255821
177597
0
0.385688
102375
0
0.259649
95647
0
0.235358
164483
0
0.328768
106897
0
0.277318
105241
0
0.251049
104529
0
0.247196
99427
0
0.243524
