43.4695
640000000
7737
3490
0.011849
4287
0
0.005985
5783
0
0.006558
5583
0
0.006259
5638
0
0.006386
4813
0
0.005451
6886
0
0.007782
6346
0
0.007319
5295
0
0.006668
6916
0
0.008256
1138
1238
0.001392
2940
0
0.003451
1751
0
0.002152
1173
0
0.001324
1429
0
0.001733
1172
0
0.001356
1397
0
0.001751
1890
0
0.002395
1149
0
0.001547
1445
0
0.001749
10968
2351
0.017867
11215
0
0.014821
6574
0
0.0079
6307
0
0.007155
6875
0
0.007822
5557
0
0.006506
7781
0
0.008728
9605
0
0.011701
5975
0
0.007037
10173
0
0.012358
13062
0
0.021091
11947
354
0.014685
8198
0
0.010303
9908
0
0.012334
10102
0
0.012734
8304
0
0.010212
10480
0
0.013015
12639
0
0.015664
9122
0
0.011518
10807
0
0.01311
9995
0
0.014649
14799
223
0.020109
10750
0
0.013195
11280
0
0.015181
11520
0
0.013994
10610
0
0.012265
11883
0
0.014161
14590
0
0.018243
12239
0
0.014496
10709
0
0.039806
15186
0
0.025783
10600
273
0.012968
9807
0
0.012081
12460
0
0.015213
12051
0
0.014489
9998
0
0.012098
12618
0
0.015513
13592
0
0.021246
11357
0
0.013857
13345
0
0.019123
17979
0
0.03353
13199
667
0.016482
12860
0
0.015846
15874
0
0.022502
15369
0
0.030477
13037
0
0.017535
16254
0
0.02371
16733
0
0.025999
15315
0
0.02183
15288
0
0.020799
1094
0
0.001182
2504
3493
0.003015
1275
0
0.00164
993
0
0.001068
1522
0
0.001683
900
0
0.001163
1715
0
0.002048
1320
0
0.001554
949
0
0.001113
1077
0
0.001229
9456
0
0.014244
6129
701
0.008607
4900
0
0.0062
4981
0
0.006215
4728
0
0.006955
4694
0
0.00687
4832
0
0.006659
5501
0
0.007391
4861
0
0.006476
9651
0
0.01211
49050
0
0.094248
53649
2581
0.092249
119434
0
0.191674
37580
0
0.077824
33249
0
0.082462
108616
0
0.162593
49656
0
0.094781
48672
0
0.092357
45749
0
0.082145
40603
0
0.073839
