167.878
2560000000
46134
50962
0.1295
47712
0
0.122719
46134
0
0.112678
50132
0
0.135849
49724
0
0.12395
43902
0
0.102847
43779
0
0.133653
45859
0
0.117716
42574
0
0.105939
54719
0
0.149337
27623
77260
0.073182
32218
0
0.110953
33610
0
0.09693
35552
0
0.093168
35450
0
0.097377
31297
0
0.085822
29513
0
0.074908
29839
0
0.083766
29833
0
0.090109
34627
0
0.101075
120652
17760
0.358745
122433
0
0.375717
118434
0
0.357856
121441
0
0.366749
120480
0
0.366056
121819
0
0.357274
116390
0
0.338535
120476
0
0.360168
113819
0
0.341851
129230
0
0.394328
86356
0
0.290864
84158
6886
0.272296
83449
0
0.261833
90323
0
0.283413
91906
0
0.296045
81568
0
0.256568
85984
0
0.250384
85616
0
0.285152
87434
0
0.269744
87899
0
0.274852
130489
0
0.331452
134575
7005
0.358433
146025
0
0.401084
154397
0
0.401092
155369
0
0.398694
137712
0
0.381278
148224
0
0.426838
145059
0
0.371436
153629
0
0.430698
142041
0
0.422672
205032
0
0.574596
193363
44936
0.54954
276647
0
0.681009
209888
0
0.591447
197157
0
0.560102
274293
0
0.703699
215557
0
0.625781
208370
0
0.605999
211771
0
0.590616
202384
0
0.570833
170076
0
0.491516
154785
16986
0.457853
169576
0
0.545456
185078
0
0.548577
177762
0
0.520273
177632
0
0.522911
182398
0
0.543828
178926
0
0.52995
181624
0
0.553311
177902
0
0.537738
25220
0
0.056111
30978
824083
0.116237
31195
0
0.082012
33558
0
0.084409
28095
0
0.070347
27533
0
0.069487
33103
0
0.083484
32939
0
0.091901
28562
0
0.069295
27107
0
0.068024
55040
0
0.15114
50610
54000
0.147776
50729
0
0.136043
55356
0
0.156986
54264
0
0.15039
50796
0
0.166875
48606
0
0.126149
50270
0
0.130632
49476
0
0.128131
63146
0
0.19878
219425
0
0.537454
230626
16072
0.615357
301528
0
0.735799
235818
0
0.621193
230821
0
0.628458
292554
0
0.690718
239321
0
0.619956
236616
0
0.581625
243916
0
0.628587
220692
0
0.588383
