168.925
2560000000
46134
64
0.115207
47712
0
0.120463
46134
0
0.113432
50132
0
0.144834
49724
0
0.125076
43902
0
0.105047
43779
0
0.104335
45859
0
0.111705
42574
0
0.111781
54719
0
0.170544
27623
35
0.071834
32218
0
0.088565
33610
0
0.083123
35552
0
0.106848
35450
0
0.093542
31297
0
0.085052
29513
0
0.107774
29839
0
0.072005
29833
0
0.094093
34627
0
0.086333
120652
0
0.338467
122433
0
0.400003
118434
0
0.372167
121441
0
0.392335
120480
0
0.388977
121819
0
0.379425
116390
0
0.359848
120476
0
0.399016
113819
0
0.405564
129230
0
0.443844
86356
0
0.282779
84158
6
0.258215
83449
0
0.270226
90323
0
0.304119
91906
0
0.298311
81568
0
0.267896
85984
0
0.278722
85616
0
0.293715
87434
0
0.300708
87899
0
0.305422
130489
0
0.351547
134575
11
0.368703
146025
0
0.402738
154397
0
0.409392
155369
0
0.449839
137712
0
0.3829
148224
0
0.400391
145059
0
0.380678
153629
0
0.405848
142041
0
0.37517
205032
0
0.563435
193363
26
0.567521
276647
0
0.691221
209888
0
0.605025
197157
0
0.588457
274293
0
0.696735
215557
0
0.613789
208370
0
0.559771
211771
0
0.574922
202384
0
0.606899
170076
0
0.515439
154785
21
0.484212
169576
0
0.549155
185078
0
0.566436
177762
0
0.528184
177632
0
0.559435
182398
0
0.574942
178926
0
0.561792
181624
0
0.573858
177902
0
0.57355
25220
0
0.05692
30978
236
0.101018
31195
0
0.077357
33558
0
0.094735
28095
0
0.080607
27533
0
0.078057
33103
0
0.081685
32939
0
0.079191
28562
0
0.069966
27107
0
0.076896
55040
0
0.162449
50610
110
0.14645
50729
0
0.144893
55356
0
0.173243
54264
0
0.175554
50796
0
0.149671
48606
0
0.138428
50270
0
0.143904
49476
0
0.142104
63146
0
0.262613
219425
0
0.578736
230626
33
0.63234
301528
0
0.762304
235818
0
0.645196
230821
0
0.63462
292554
0
0.730171
239321
0
0.650063
236616
0
0.635308
243916
0
0.650177
220692
0
0.567416
