85.7077
1280000000
38669
9501
0.107113
42704
0
0.119678
43599
0
0.111855
47577
0
0.13881
46316
0
0.125633
41187
0
0.121045
41323
0
0.110325
42227
0
0.105543
40341
0
0.125884
47539
0
0.130552
20897
8696
0.037176
28763
0
0.085126
29313
0
0.071267
30456
0
0.105434
30559
0
0.12356
26741
0
0.072418
25117
0
0.06611
25327
0
0.07738
25173
0
0.069399
28634
0
0.070353
86200
0
0.223252
87948
0
0.222863
86395
0
0.224374
90353
0
0.221707
84868
0
0.244786
91080
0
0.233123
86237
0
0.212315
91614
0
0.221536
81406
0
0.245765
98901
0
0.249359
40079
0
0.111265
41743
517
0.116872
40752
0
0.105384
45529
0
0.15338
43678
0
0.134243
38429
0
0.117076
40071
0
0.111051
41552
0
0.120283
39867
0
0.122357
45401
0
0.119805
51022
0
0.165913
61499
427
0.168571
61484
0
0.166206
67020
0
0.176782
64420
0
0.174438
57622
0
0.156755
59859
0
0.165669
63480
0
0.171899
62475
0
0.173378
61408
0
0.165994
138465
0
0.325117
140761
3381
0.329093
211855
0
0.478959
139017
0
0.340033
127338
0
0.321571
209073
0
0.44648
143271
0
0.346082
143208
0
0.367112
137949
0
0.329655
141426
0
0.349849
107517
0
0.289508
102756
2211
0.245514
110901
0
0.282961
123218
0
0.309624
112720
0
0.309763
118061
0
0.323124
116145
0
0.304562
118124
0
0.305763
112527
0
0.318745
119681
0
0.306734
20171
0
0.068401
28383
67923
0.078887
28600
0
0.07518
30195
0
0.071805
25120
0
0.069756
24845
0
0.050693
28500
0
0.072736
29958
0
0.079004
25998
0
0.067285
24344
0
0.046158
38550
0
0.098753
37707
4082
0.101953
37791
0
0.134245
40444
0
0.113216
38917
0
0.10403
35234
0
0.09999
34642
0
0.095959
34994
0
0.090301
36071
0
0.093937
46276
0
0.114078
96958
0
0.251682
109012
1254
0.246944
177597
0
0.346505
102375
0
0.274353
95647
0
0.234474
164483
0
0.321619
106897
0
0.273585
105241
0
0.243629
104529
0
0.246125
99427
0
0.261227
