42.9134
640000000
7737
24
0.012273
4287
0
0.006355
5783
0
0.006896
5583
0
0.006649
5638
0
0.006657
4813
0
0.005823
6886
0
0.008599
6346
0
0.009283
5295
0
0.006797
6916
0
0.008424
1138
8
0.002104
2940
0
0.004717
1751
0
0.003014
1173
0
0.002403
1429
0
0.002549
1172
0
0.00211
1397
0
0.002431
1890
0
0.003125
1149
0
0.00203
1445
0
0.002414
10968
0
0.016451
11215
0
0.015519
6574
0
0.008239
6307
0
0.007676
6875
0
0.008186
5557
0
0.006768
7781
0
0.00934
9605
0
0.012126
5975
0
0.007355
10173
0
0.015687
13062
0
0.022611
11947
7
0.014849
8198
0
0.01044
9908
0
0.012772
10102
0
0.012839
8304
0
0.010732
10480
0
0.01335
12639
0
0.016026
9122
0
0.011811
10807
0
0.014461
9995
0
0.013727
14799
7
0.020735
10750
0
0.013094
11280
0
0.013735
11520
0
0.014214
10610
0
0.012802
11883
0
0.014588
14590
0
0.019147
12239
0
0.015186
10709
0
0.013676
15186
0
0.025147
10600
4
0.013621
9807
0
0.012606
12460
0
0.016092
12051
0
0.015146
9998
0
0.012935
12618
0
0.016257
13592
0
0.018711
11357
0
0.014858
13345
0
0.017626
17979
0
0.033023
13199
22
0.017163
12860
0
0.016555
15874
0
0.022878
15369
0
0.022359
13037
0
0.017179
16254
0
0.024985
16733
0
0.025539
15315
0
0.022406
15288
0
0.021732
1094
0
0.001828
2504
33
0.003656
1275
0
0.002044
993
0
0.001611
1522
0
0.002209
900
0
0.001729
1715
0
0.002623
1320
0
0.002082
949
0
0.001649
1077
0
0.001761
9456
0
0.013997
6129
36
0.009198
4900
0
0.007262
4981
0
0.006785
4728
0
0.006929
4694
0
0.006706
4832
0
0.007062
5501
0
0.007848
4861
0
0.006712
9651
0
0.012327
49050
0
0.095707
53649
83
0.088941
119434
0
0.18514
37580
0
0.072928
33249
0
0.052126
108616
0
0.15741
49656
0
0.089749
48672
0
0.091821
45749
0
0.086447
40603
0
0.066769
