169.45
2560000000
46134
64922
0.133078
47712
0
0.133081
46134
0
0.115475
50132
0
0.126986
49724
0
0.139854
43902
0
0.105084
43779
0
0.106658
45859
0
0.11851
42574
0
0.118644
54719
0
0.149653
27623
116295
0.07505
32218
0
0.088914
33610
0
0.089835
35552
0
0.1047
35450
0
0.10297
31297
0
0.077121
29513
0
0.080701
29839
0
0.074848
29833
0
0.092938
34627
0
0.094747
120652
35761
0.352597
122433
0
0.382675
118434
0
0.360419
121441
0
0.346672
120480
0
0.373931
121819
0
0.361004
116390
0
0.34038
120476
0
0.384678
113819
0
0.344585
129230
0
0.435971
86356
0
0.281526
84158
8977
0.262866
83449
0
0.289154
90323
0
0.292061
91906
0
0.300701
81568
0
0.273856
85984
0
0.264279
85616
0
0.271406
87434
0
0.314177
87899
0
0.289284
130489
0
0.384549
134575
10575
0.374024
146025
0
0.395793
154397
0
0.425409
155369
0
0.403873
137712
0
0.393012
148224
0
0.379672
145059
0
0.407358
153629
0
0.434299
142041
0
0.387359
205032
0
0.804257
193363
69002
0.584537
276647
0
0.717083
209888
0
0.599739
197157
0
0.58992
274293
0
0.700482
215557
0
0.610454
208370
0
0.588306
211771
0
0.594803
202384
0
0.576255
170076
0
0.480417
154785
35496
0.463747
169576
0
0.58538
185078
0
0.5469
177762
0
0.56009
177632
0
0.551516
182398
0
0.541039
178926
0
0.538865
181624
0
0.559999
177902
0
0.523344
25220
0
0.054383
30978
2276937
0.179313
31195
0
0.08907
33558
0
0.081958
28095
0
0.080676
27533
0
0.067863
33103
0
0.089593
32939
0
0.107696
28562
0
0.069671
27107
0
0.071492
55040
0
0.153702
50610
162728
0.148821
50729
0
0.137965
55356
0
0.182824
54264
0
0.155435
50796
0
0.140708
48606
0
0.127529
50270
0
0.15089
49476
0
0.148151
63146
0
0.196783
219425
0
0.536679
230626
23794
0.617864
301528
0
0.72872
235818
0
0.641836
230821
0
0.629189
292554
0
0.688674
239321
0
0.621411
236616
0
0.617855
243916
0
0.62363
220692
0
0.599604
