10.6957
160000000
614
527
0.000803
755
0
0.000878
815
0
0.000908
237
0
0.000244
415
0
0.00044
655
0
0.000626
572
0
0.000501
455
0
0.000369
324
0
0.000258
708
0
0.000618
548
120
0.000515
2105
0
0.002062
1195
0
0.001139
546
0
0.000501
799
0
0.000747
601
0
0.000724
882
0
0.000832
1395
0
0.001348
605
0
0.000559
707
0
0.000667
2171
1460
0.00223
6949
0
0.008169
1420
0
0.001443
508
0
0.00043
1367
0
0.00123
955
0
0.000827
1469
0
0.001338
3194
0
0.003129
583
0
0.000502
1808
0
0.001747
4691
0
0.005311
7196
50
0.007799
2437
0
0.002609
3389
0
0.003557
3926
0
0.004225
2714
0
0.00284
3704
0
0.003942
5568
0
0.00651
2836
0
0.003244
2887
0
0.00292
3026
0
0.003021
4636
11
0.005092
5293
0
0.005511
5035
0
0.005167
4006
0
0.003955
4647
0
0.004701
4312
0
0.004324
5198
0
0.005524
4044
0
0.003919
4567
0
0.004548
3014
0
0.00306
806
30
0.000728
1520
0
0.001444
2674
0
0.002654
2758
0
0.002746
2128
0
0.002061
2482
0
0.002474
2510
0
0.002484
2130
0
0.002057
2141
0
0.002038
5139
0
0.00611
4364
60
0.004198
3074
0
0.003153
4670
0
0.00516
4909
0
0.005483
3789
0
0.004034
5029
0
0.00567
5062
0
0.005637
4479
0
0.004852
3491
0
0.003627
362
0
0.000318
1695
965
0.001673
528
0
0.000455
341
0
0.000298
1052
0
0.000958
385
0
0.000342
421
0
0.000364
525
0
0.000461
317
0
0.000277
540
0
0.000474
5847
0
0.006523
2857
230
0.002952
1968
0
0.00198
1806
0
0.001818
1967
0
0.002009
1922
0
0.001991
2067
0
0.002345
2491
0
0.002567
2049
0
0.002062
5549
0
0.006484
2114
0
0.002025
7253
9
0.007832
1661
0
0.001734
901
0
0.000807
2144
0
0.002255
1350
0
0.001238
1826
0
0.001694
3567
0
0.003791
1042
0
0.000916
2016
0
0.001875
