21.7548
320000000
6439
7533
0.009678
3604
0
0.003713
5243
0
0.005347
4868
0
0.004944
5021
0
0.005227
4262
0
0.004246
5970
0
0.006117
5462
0
0.005801
4571
0
0.004751
5628
217
0.005822
676
4133
0.000856
2253
0
0.002291
1307
96
0.001316
766
2699
0.000862
1034
584
0.001121
851
6859
0.001164
1010
960
0.001035
1499
0
0.001581
758
4200
0.000969
883
17672
0.001484
7940
11355
0.011432
9761
0
0.01378
5872
0
0.00685
5201
0
0.005316
5864
0
0.006214
4625
0
0.004966
6314
0
0.006544
8206
0
0.010011
4911
0
0.005328
7079
11146
0.008671
10770
0
0.015857
10265
976
0.012944
7277
0
0.008604
8459
232
0.010378
8892
0
0.011345
6895
0
0.007968
9048
0
0.011428
11075
0
0.014972
7657
78
0.009704
8440
0
0.010616
6096
0
0.006984
6970
674
0.007752
7605
0
0.00915
7561
0
0.009086
7256
0
0.008256
7311
0
0.008544
7745
0
0.00881
9273
0
0.011312
8140
0
0.009579
7186
0
0.007806
10263
0
0.01406
4392
834
0.004932
6948
0
0.008075
9229
0
0.011644
8580
0
0.010994
6729
0
0.007876
8727
0
0.011011
9014
0
0.011292
7960
0
0.009546
8840
0
0.011211
11914
0
0.01702
9064
1315
0.010733
8573
0
0.010889
10753
0
0.013727
10470
0
0.02352
8429
0
0.011331
11369
0
0.014384
11512
0
0.014754
10050
0
0.012757
9919
0
0.012447
526
2058
0.000576
1872
3428
0.002183
708
4523
0.000859
601
6264
0.000798
1171
19068
0.001752
607
3125
0.000717
853
17285
0.001332
784
7748
0.001017
594
5850
0.000771
717
2319
0.000763
6685
0
0.007492
3806
2452
0.004521
3151
32
0.003508
2890
88
0.003177
2771
0
0.003123
2739
412
0.003072
3030
455
0.003509
3238
333
0.003727
3041
576
0.003527
6616
426
0.007488
15923
0
0.02506
15884
650
0.020297
12831
0
0.016707
15828
0
0.02032
14006
0
0.018591
12019
0
0.015494
15488
0
0.019586
19028
0
0.026411
14245
0
0.018692
17917
0
0.02274
