11.8433
160000000
614
797
0.000861
755
0
0.00092
815
0
0.000937
237
0
0.000247
415
0
0.000455
655
0
0.000627
572
0
0.000477
455
0
0.000365
324
0
0.000255
708
0
0.000615
548
293
0.00052
2105
0
0.002063
1195
0
0.001137
546
0
0.000505
799
0
0.00074
601
0
0.00055
882
0
0.000836
1395
0
0.001359
605
0
0.000555
707
10
0.000665
2171
1887
0.002241
6949
0
0.008264
1420
0
0.001448
508
0
0.000428
1367
0
0.001233
955
0
0.000826
1469
0
0.001354
3194
0
0.00313
583
0
0.000488
1808
0
0.001741
4691
0
0.005659
7196
185
0.007837
2437
0
0.002609
3389
0
0.003579
3926
0
0.004185
2714
0
0.002828
3704
0
0.003923
5568
0
0.0063
2836
0
0.002988
2887
0
0.002907
3026
0
0.003035
4636
38
0.005153
5293
0
0.005563
5035
0
0.005132
4006
0
0.003924
4647
0
0.004639
4312
0
0.004292
5198
0
0.005443
4044
0
0.003944
4567
0
0.00475
3014
0
0.003037
806
58
0.000733
1520
0
0.001435
2674
0
0.002653
2758
0
0.002747
2128
0
0.002052
2482
0
0.002482
2510
0
0.002504
2130
0
0.002059
2141
0
0.00204
5139
0
0.005984
4364
118
0.004189
3074
0
0.003151
4670
0
0.005229
4909
0
0.00542
3789
0
0.004025
5029
0
0.00562
5062
0
0.00613
4479
0
0.004815
3491
0
0.003548
362
552
0.000346
1695
1823
0.001697
528
0
0.000451
341
411
0.000315
1052
0
0.000961
385
0
0.00034
421
0
0.000364
525
0
0.000458
317
0
0.00028
540
0
0.000477
5847
0
0.006363
2857
568
0.002936
1968
0
0.001991
1806
0
0.001805
1967
0
0.002009
1922
0
0.001943
2067
0
0.002114
2491
0
0.002589
2049
0
0.002056
5549
0
0.007783
2114
0
0.002104
7253
22
0.007921
1661
0
0.00172
901
0
0.000804
2144
0
0.002051
1350
0
0.00125
1826
0
0.001736
3567
0
0.003849
1042
0
0.000937
2016
0
0.001899
