21.8976
320000000
6439
56
0.009617
3604
0
0.004335
5243
0
0.005924
4868
0
0.005443
5021
0
0.005656
4262
0
0.005
5970
0
0.007754
5462
0
0.006201
4571
0
0.005154
5628
0
0.006331
676
30
0.001236
2253
0
0.002845
1307
0
0.001872
766
0
0.001385
1034
0
0.001643
851
0
0.001525
1010
0
0.0017
1499
0
0.002297
758
0
0.001414
883
0
0.001466
7940
0
0.012877
9761
0
0.013983
5872
0
0.006962
5201
0
0.005823
5864
0
0.006662
4625
0
0.005392
6314
0
0.007105
8206
0
0.009809
4911
0
0.005787
7079
0
0.008335
10770
0
0.015776
10265
15
0.013132
7277
0
0.009164
8459
0
0.011338
8892
0
0.012302
6895
0
0.008563
9048
0
0.011629
11075
0
0.016327
7657
0
0.009988
8440
0
0.010508
6096
0
0.007315
6970
7
0.008151
7605
0
0.009077
7561
0
0.009156
7256
0
0.008649
7311
0
0.008402
7745
0
0.009101
9273
0
0.01137
8140
0
0.009834
7186
0
0.008263
10263
0
0.013794
4392
6
0.005408
6948
0
0.008154
9229
0
0.011853
8580
0
0.010707
6729
0
0.008153
8727
0
0.011087
9014
0
0.011489
7960
0
0.010422
8840
0
0.01108
11914
0
0.017438
9064
30
0.011366
8573
0
0.011168
10753
0
0.039553
10470
0
0.014598
8429
0
0.011159
11369
0
0.015184
11512
0
0.015508
10050
0
0.013615
9919
0
0.012909
526
0
0.001253
1872
56
0.002649
708
0
0.001398
601
0
0.001253
1171
0
0.001842
607
0
0.001182
853
0
0.001478
784
0
0.001435
594
0
0.001166
717
0
0.001339
6685
0
0.008046
3806
15
0.00498
3151
0
0.004247
2890
0
0.00391
2771
0
0.003826
2739
0
0.003755
3030
0
0.004106
3238
0
0.004251
3041
0
0.004166
6616
0
0.008151
15923
0
0.027331
15884
8
0.020889
12831
0
0.02318
15828
0
0.021406
14006
0
0.018487
12019
0
0.015737
15488
0
0.020013
19028
0
0.026809
14245
0
0.018802
17917
0
0.027687
