1.89189
19560202
9560202
10000000
34511
5577
0.063878
20740
0
0.032921
23993
0
0.041856
29207
0
0.04533
22986
0
0.047428
23730
0
0.052337
26833
0
0.058892
26859
0
0.059073
25962
0
0.066969
35567
0
0.071052
9800
7957
0.017013
5634
0
0.008971
5224
0
0.00864
5587
0
0.009716
5504
0
0.00967
5542
0
0.009493
5441
0
0.009332
4857
0
0.00822
5209
0
0.00899
9747
4686
0.016506
35765
1793
0.094692
23780
0
0.042643
25294
0
0.042197
30314
0
0.04852
24245
0
0.038034
24204
0
0.038151
27749
0
0.043269
28889
0
0.044665
26764
0
0.041786
37267
0
0.066696
46188
0
0.103697
35453
429
0.059561
36940
0
0.064307
46545
0
0.094428
38392
0
0.069971
36561
0
0.064034
43779
0
0.078885
46834
0
0.085643
44254
0
0.07858
47607
0
0.101423
123351
0
0.249631
108059
716
0.197151
123191
0
0.241136
133784
0
0.273635
128235
0
0.227362
114439
0
0.222228
126228
0
0.227964
126439
0
0.242576
129554
0
0.259289
121429
0
0.235421
80160
0
0.177633
54416
831
0.09929
56640
0
0.104507
73155
0
0.133986
67756
0
0.148259
58540
0
0.104907
70841
0
0.129719
67492
0
0.148127
72757
0
0.163037
70117
0
0.141428
130745
0
0.251621
112359
1325
0.192721
120013
0
0.247781
141148
0
0.387336
131198
0
0.325913
120094
0
0.211094
137032
0
0.270293
131854
0
0.266499
139891
0
0.248238
126335
0
0.221115
7413
0
0.013496
7113
2399
0.012011
7997
0
0.026465
7242
0
0.021989
7188
0
0.020118
7654
0
0.012686
8595
0
0.02023
7482
0
0.020135
7715
0
0.044028
7431
0
0.017884
27977
0
0.057519
22924
1781
0.040365
24308
0
0.04523
29347
0
0.056105
23648
0
0.041425
23463
0
0.04083
25391
0
0.05067
26335
0
0.05119
24405
0
0.041793
32457
0
0.057741
106296
0
0.238445
85929
387
0.154391
92058
0
0.185991
107970
0
0.221314
98520
0
0.186888
93715
0
0.172055
109584
0
0.210392
108777
0
0.201401
106640
0
0.231848
107082
0
0.210331
