1.21836
19560202
9560202
10000000
34511
155
0.043978
20740
0
0.023664
23993
0
0.02698
29207
0
0.032565
22986
0
0.025753
23730
0
0.026975
26833
0
0.030127
26859
0
0.03131
25962
0
0.031078
35567
0
0.047449
9800
66
0.011691
5634
0
0.006503
5224
0
0.006244
5587
0
0.006954
5504
0
0.006688
5542
0
0.006654
5441
0
0.007244
4857
0
0.005971
5209
0
0.006398
9747
0
0.01135
35765
0
0.04769
23780
0
0.027318
25294
0
0.028392
30314
0
0.036025
24245
0
0.030267
24204
0
0.027837
27749
0
0.041448
28889
0
0.032488
26764
0
0.032238
37267
0
0.050685
46188
0
0.066858
35453
18
0.046651
36940
0
0.046918
46545
0
0.071899
38392
0
0.055471
36561
0
0.048049
43779
0
0.070976
46834
0
0.063922
44254
0
0.05853
47607
0
0.065554
123351
0
0.187045
108059
0
0.138117
123191
0
0.164224
133784
0
0.185272
128235
0
0.179673
114439
0
0.152016
126228
0
0.170181
126439
0
0.179416
129554
0
0.17537
121429
0
0.160398
80160
0
0.130016
54416
1
0.073585
56640
0
0.07177
73155
0
0.100869
67756
0
0.087497
58540
0
0.078868
70841
0
0.102463
67492
0
0.086937
72757
0
0.099863
70117
0
0.08864
130745
0
0.187023
112359
8
0.144092
120013
0
0.157876
141148
0
0.207013
131198
0
0.172986
120094
0
0.156848
137032
0
0.183039
131854
0
0.173028
139891
0
0.184435
126335
0
0.162344
7413
0
0.009044
7113
60
0.019002
7997
0
0.009584
7242
0
0.008675
7188
0
0.008327
7654
0
0.008982
8595
0
0.010356
7482
0
0.008833
7715
0
0.0092
7431
0
0.008604
27977
0
0.039112
22924
54
0.030216
24308
0
0.030084
29347
0
0.040063
23648
0
0.029334
23463
0
0.03209
25391
0
0.034322
26335
0
0.032562
24405
0
0.029973
32457
0
0.03937
106296
0
0.150727
85929
0
0.113775
92058
0
0.123412
107970
0
0.166706
98520
0
0.134816
93715
0
0.127668
109584
0
0.149331
108777
0
0.15498
106640
0
0.143247
107082
0
0.143583
