2.10227
19530921
9530921
10000000
17751
43
0.030638
9297
0
0.014868
12389
0
0.017446
17313
0
0.025746
13212
0
0.01911
11980
0
0.017527
15085
0
0.025083
15857
0
0.030495
14823
0
0.047404
17770
0
0.049037
3155
3
0.004696
2917
0
0.003994
3252
0
0.007109
3274
0
0.006183
3296
0
0.004659
2824
0
0.004015
2955
0
0.004174
2809
0
0.003899
2896
0
0.004107
3592
0
0.005086
18166
0
0.053819
10342
0
0.028879
12468
0
0.017806
17691
0
0.029785
13587
0
0.01911
12271
0
0.019009
15570
0
0.024384
16486
0
0.023532
15214
0
0.020985
17985
0
0.026561
25054
0
0.071512
18217
3
0.045514
20887
0
0.04069
29732
0
0.050724
21815
0
0.046137
21584
0
0.035811
27428
0
0.05524
28407
0
0.065133
27050
0
0.047104
27659
0
0.05382
62532
0
0.112877
48738
4
0.093298
60018
0
0.104597
71667
0
0.186748
63498
0
0.137165
55870
0
0.0952
66212
0
0.108201
68062
0
0.136019
66547
0
0.119879
63903
0
0.115359
49626
0
0.115668
30762
7
0.052726
35148
0
0.054572
49203
0
0.087853
45194
0
0.0795
36950
0
0.072417
47638
0
0.085247
43988
0
0.132974
48941
0
0.09558
40688
0
0.105059
102912
0
0.225533
86488
5
0.150227
93038
0
0.174719
111680
0
0.211384
104076
0
0.189602
94875
0
0.185152
108799
0
0.222687
106013
0
0.222293
110756
0
0.227854
96731
0
0.177898
2178
0
0.003326
2054
9
0.002757
2300
0
0.003331
2151
0
0.002966
1857
0
0.002461
1837
0
0.002482
2796
0
0.009622
2418
0
0.003463
2196
0
0.003027
1756
0
0.002371
12288
0
0.021154
11766
6
0.017988
12349
0
0.019847
16966
0
0.026226
11853
0
0.018128
11787
0
0.017972
13139
0
0.020087
14449
0
0.022587
12148
0
0.018258
16473
0
0.03897
53357
0
0.114619
35777
0
0.086395
41819
0
0.068848
52305
0
0.112976
46679
0
0.080353
42198
0
0.066526
54812
0
0.152769
55001
0
0.099973
53274
0
0.119264
48529
0
0.093363
