1.22425
19530921
9530921
10000000
17751
2853
0.02221
9297
0
0.009943
12389
0
0.013067
17313
0
0.018148
13212
0
0.013909
11980
0
0.0128
15085
0
0.017424
15857
0
0.016847
14823
0
0.02028
17770
0
0.020797
3155
3933
0.00383
2917
0
0.003093
3252
0
0.003573
3274
0
0.003679
3296
0
0.003679
2824
0
0.003162
2955
0
0.003303
2809
0
0.003157
2896
0
0.003303
3592
0
0.004059
18166
0
0.02057
10342
0
0.011026
12468
0
0.016923
17691
0
0.019054
13587
0
0.01765
12271
0
0.014954
15570
0
0.016148
16486
0
0.016766
15214
0
0.015705
17985
0
0.01938
25054
0
0.038595
18217
481
0.027661
20887
0
0.024659
29732
0
0.037451
21815
0
0.025323
21584
0
0.024582
27428
0
0.033475
28407
0
0.045445
27050
0
0.031483
27659
0
0.031365
62532
0
0.082546
48738
913
0.059744
60018
0
0.078401
71667
0
0.097351
63498
0
0.080283
55870
0
0.075795
66212
0
0.087179
68062
0
0.078316
66547
0
0.076194
63903
0
0.071939
49626
0
0.063313
30762
920
0.034584
35148
0
0.040335
49203
0
0.067682
45194
0
0.058482
36950
0
0.047834
47638
0
0.058713
43988
0
0.056579
48941
0
0.065552
40688
0
0.049221
102912
0
0.139628
86488
1350
0.112684
93038
0
0.114566
111680
0
0.157015
104076
0
0.136746
94875
0
0.11426
108799
0
0.142226
106013
0
0.133964
110756
0
0.138872
96731
0
0.114892
2178
0
0.002453
2054
2015
0.002302
2300
0
0.002539
2151
0
0.002368
1857
0
0.001953
1837
0
0.001963
2796
0
0.003153
2418
0
0.002679
2196
0
0.00239
1756
0
0.001867
12288
0
0.015719
11766
1887
0.013226
12349
0
0.015243
16966
0
0.019604
11853
0
0.013597
11787
0
0.013441
13139
0
0.014904
14449
0
0.018334
12148
0
0.013861
16473
0
0.018822
53357
0
0.071751
35777
146
0.045553
41819
0
0.054088
52305
0
0.067346
46679
0
0.058381
42198
0
0.04918
54812
0
0.070689
55001
0
0.068243
53274
0
0.069713
48529
0
0.058699
