1.24716
19560202
9560202
10000000
34511
65617
0.049473
20740
0
0.024011
23993
0
0.026857
29207
0
0.035915
22986
0
0.026871
23730
0
0.027515
26833
0
0.029914
26859
0
0.03
25962
0
0.029401
35567
0
0.047947
9800
55023
0.014285
5634
0
0.006528
5224
0
0.006284
5587
0
0.006966
5504
0
0.006835
5542
0
0.006871
5441
0
0.006606
4857
0
0.005857
5209
0
0.00645
9747
4686
0.011795
35765
11384
0.048955
23780
0
0.028047
25294
0
0.028314
30314
0
0.034025
24245
0
0.037016
24204
0
0.029374
27749
0
0.033665
28889
0
0.032389
26764
0
0.030229
37267
0
0.048459
46188
0
0.065899
35453
9399
0.044848
36940
0
0.049128
46545
0
0.064911
38392
0
0.049697
36561
0
0.056659
43779
0
0.056669
46834
0
0.059315
44254
0
0.056856
47607
0
0.059718
123351
0
0.182774
108059
11231
0.138204
123191
0
0.159966
133784
0
0.186172
128235
0
0.179686
114439
0
0.14815
126228
0
0.164992
126439
0
0.176452
129554
0
0.170495
121429
0
0.156871
80160
0
0.126512
54416
12304
0.068561
56640
0
0.075052
73155
0
0.095845
67756
0
0.092017
58540
0
0.074851
70841
0
0.108034
67492
0
0.086865
72757
0
0.095462
70117
0
0.09352
130745
0
0.191321
112359
29427
0.1437
120013
0
0.15534
141148
0
0.207804
131198
0
0.172501
120094
0
0.156107
137032
0
0.186805
131854
0
0.167854
139891
0
0.180305
126335
0
0.165086
7413
0
0.009368
7113
267000
0.016906
7997
0
0.009577
7242
0
0.008608
7188
0
0.008266
7654
0
0.008978
8595
0
0.010308
7482
0
0.009272
7715
0
0.009072
7431
0
0.008565
27977
0
0.037307
22924
45295
0.029803
24308
0
0.029862
29347
0
0.038736
23648
0
0.030725
23463
0
0.031989
25391
0
0.031193
26335
0
0.032343
24405
0
0.029939
32457
0
0.039195
106296
0
0.154132
85929
5442
0.113709
92058
0
0.122748
107970
0
0.166745
98520
0
0.13246
93715
0
0.123622
109584
0
0.151514
108777
0
0.158431
106640
0
0.142051
107082
0
0.140828
