2.13887
19474933
9474933
10000000
2050
336
0.0128
2301
0
0.008361
1448
0
0.00231
1121
0
0.006783
1166
0
0.00481
1213
0
0.001919
1025
0
0.001693
1321
0
0.002109
940
0
0.001595
2091
0
0.003352
1052
294
0.002165
1256
0
0.002049
1379
0
0.002198
1151
0
0.001929
1052
0
0.001782
1281
0
0.002094
1062
0
0.002086
963
0
0.001725
931
0
0.001705
1194
0
0.002039
2640
22
0.004472
3291
0
0.00513
1684
0
0.002538
1533
0
0.002407
1505
0
0.002638
1435
0
0.002206
1407
0
0.002138
1901
0
0.002824
1273
0
0.005758
2478
0
0.004162
9363
0
0.020926
5900
59
0.008997
7249
0
0.038426
10354
0
0.048687
8322
0
0.03676
7256
0
0.01497
10898
0
0.016668
8850
0
0.014046
10474
0
0.019287
9079
0
0.015852
18486
0
0.063548
9125
69
0.014415
12986
0
0.032467
15153
0
0.040568
13681
0
0.024003
10151
0
0.0207
16928
0
0.037902
16523
0
0.030416
16226
0
0.02985
13700
0
0.030254
25661
0
0.056878
18776
80
0.04393
17337
0
0.027456
23410
0
0.040963
24236
0
0.047938
17601
0
0.037745
23841
0
0.039532
20940
0
0.044883
24961
0
0.044014
19480
0
0.033388
25105
0
0.059709
17279
125
0.051172
19111
0
0.033992
25465
0
0.053383
25040
0
0.046819
17760
0
0.033386
24874
0
0.043066
22452
0
0.03383
26187
0
0.063606
20924
0
0.052775
800
0
0.001906
935
253
0.00207
973
0
0.002054
911
0
0.001979
785
0
0.001924
737
0
0.001876
1044
0
0.002264
772
0
0.00169
1118
0
0.002552
746
0
0.001822
2333
0
0.011216
3287
135
0.007014
2869
0
0.009706
2999
0
0.005138
2567
0
0.005322
2685
0
0.004369
2489
0
0.00805
2712
0
0.005164
2097
0
0.009825
2470
0
0.004719
22506
0
0.048621
15320
39
0.062626
18480
0
0.076166
20656
0
0.046013
19598
0
0.032494
14950
0
0.030942
23992
0
0.056564
21801
0
0.041509
22006
0
0.037994
19877
0
0.031826
