1.86861
18957039
8957039
10000000
390
11
0.000832
547
0
0.001213
784
0
0.002142
251
0
0.000593
405
0
0.001098
409
0
0.00107
326
0
0.000787
371
0
0.000895
285
0
0.000735
552
0
0.001425
290
51
0.000697
523
0
0.00109
759
0
0.001585
237
0
0.000433
333
0
0.000671
340
0
0.000675
361
0
0.000727
389
0
0.000761
258
0
0.000463
379
0
0.000727
407
0
0.000743
589
0
0.000995
651
0
0.001073
145
0
0.000233
283
0
0.000449
329
0
0.000528
307
0
0.000487
332
0
0.000508
182
0
0.000255
510
0
0.000818
2313
0
0.00421
621
3
0.000959
1180
0
0.001847
2142
0
0.003368
1979
0
0.003049
1744
0
0.002705
1825
0
0.002843
1684
0
0.010355
1411
0
0.002179
988
0
0.001534
2405
0
0.004204
1670
5
0.002664
2406
0
0.003838
2320
0
0.003592
2624
0
0.004236
1808
0
0.002799
2481
0
0.003854
2861
0
0.004994
2747
0
0.00497
1978
0
0.003211
3192
0
0.006733
3133
2
0.005002
1188
0
0.001778
2132
0
0.00326
2386
0
0.003601
2097
0
0.003288
2254
0
0.003567
2691
0
0.004492
1557
0
0.002555
1890
0
0.003203
4669
0
0.013181
1605
1
0.002437
2703
0
0.004469
4312
0
0.00733
3898
0
0.006578
3255
0
0.005338
4057
0
0.006866
3698
0
0.006182
3667
0
0.006634
2589
0
0.004498
141
0
0.000194
152
24
0.000202
169
0
0.000221
153
0
0.000194
84
0
0.0001
99
0
0.000122
177
0
0.000228
128
0
0.000158
148
0
0.000182
115
0
0.00014
423
0
0.000653
708
12
0.001104
855
0
0.001289
455
0
0.000675
673
0
0.001012
592
0
0.000878
521
0
0.000755
542
0
0.000798
374
0
0.000535
631
0
0.000968
2476
0
0.004173
4508
2
0.007839
1635
0
0.002483
1663
0
0.002533
2006
0
0.003061
1784
0
0.002727
2085
0
0.003228
2504
0
0.003902
1932
0
0.003004
1889
0
0.002889
