1.78435
19474933
9474933
10000000
2050
449
0.018178
2301
0
0.004331
1448
0
0.003498
1121
0
0.002637
1166
0
0.002676
1213
0
0.002709
1025
0
0.00245
1321
0
0.002854
940
0
0.002169
2091
0
0.004565
1052
525
0.00293
1256
0
0.015478
1379
0
0.003409
1151
0
0.003176
1052
0
0.007609
1281
0
0.006087
1062
0
0.004278
963
0
0.002513
931
0
0.007116
1194
0
0.002704
2640
136
0.005366
3291
0
0.005473
1684
0
0.002735
1533
0
0.005485
1505
0
0.002588
1435
0
0.002673
1407
0
0.002176
1901
0
0.002973
1273
0
0.002154
2478
0
0.003975
9363
0
0.048048
5900
110
0.036496
7249
0
0.016898
10354
0
0.028606
8322
0
0.017139
7256
0
0.012823
10898
0
0.023858
8850
0
0.018383
10474
0
0.016653
9079
0
0.014075
18486
0
0.033849
9125
97
0.013772
12986
0
0.019498
15153
0
0.022526
13681
0
0.020256
10151
0
0.015515
16928
0
0.024936
16523
0
0.023092
16226
0
0.023742
13700
0
0.020087
25661
0
0.044909
18776
140
0.027516
17337
0
0.031298
23410
0
0.04667
24236
0
0.040548
17601
0
0.027237
23841
0
0.037219
20940
0
0.046133
24961
0
0.066393
19480
0
0.04892
25105
0
0.063675
17279
219
0.045385
19111
0
0.042789
25465
0
0.043388
25040
0
0.054633
17760
0
0.027364
24874
0
0.038803
22452
0
0.034055
26187
0
0.042565
20924
0
0.031523
800
0
0.002268
935
278
0.002411
973
0
0.002441
911
0
0.002548
785
0
0.002232
737
0
0.001854
1044
0
0.002778
772
0
0.002456
1118
0
0.002852
746
0
0.002104
2333
0
0.005815
3287
205
0.007864
2869
0
0.004944
2999
0
0.005325
2567
0
0.004381
2685
0
0.004495
2489
0
0.004155
2712
0
0.004641
2097
0
0.003875
2470
0
0.004239
22506
0
0.036752
15320
68
0.024947
18480
0
0.031903
20656
0
0.03209
19598
0
0.043124
14950
0
0.040886
23992
0
0.059262
21801
0
0.046958
22006
0
0.038449
19877
0
0.03785
