1.11252
19330030
9330030
10000000
691
405
0.000846
709
0
0.000613
902
0
0.00079
371
0
0.000313
511
0
0.000439
591
0
0.000515
432
0
0.000364
481
0
0.000409
414
0
0.00035
792
0
0.000737
566
535
0.000569
918
0
0.000854
1084
0
0.001002
528
0
0.000487
663
0
0.000617
640
0
0.000586
703
0
0.000657
637
0
0.000578
574
0
0.000523
717
0
0.000671
708
0
0.000644
689
0
0.000579
760
0
0.000647
227
0
0.00018
377
0
0.000323
475
0
0.000406
353
0
0.000297
406
0
0.000331
279
0
0.000223
761
0
0.000708
5634
0
0.005922
2911
143
0.00289
4274
0
0.004198
6406
0
0.006599
4902
0
0.004973
4216
0
0.004138
5592
0
0.005671
5583
0
0.005527
5048
0
0.005271
6272
0
0.006296
5236
0
0.005123
3374
54
0.003311
4976
0
0.004813
6002
0
0.005824
4856
0
0.004767
3695
0
0.003542
5617
0
0.005514
6236
0
0.006221
5969
0
0.005788
6671
0
0.006554
19193
0
0.022787
14881
154
0.014983
13904
0
0.014074
18047
0
0.018865
19367
0
0.022594
12997
0
0.013392
16607
0
0.017157
16677
0
0.017324
17824
0
0.018394
16007
0
0.01631
19904
0
0.021553
12704
184
0.012865
14794
0
0.015216
19586
0
0.021651
20226
0
0.021663
13572
0
0.014239
17717
0
0.018627
16943
0
0.017452
19248
0
0.020353
16363
0
0.016609
238
0
0.000205
285
172
0.000269
277
0
0.000229
261
0
0.000217
176
0
0.000135
191
0
0.000152
368
0
0.000331
253
0
0.000215
269
0
0.000224
213
0
0.000174
793
0
0.000737
957
144
0.00089
1104
0
0.001034
738
0
0.00069
924
0
0.000876
952
0
0.000891
841
0
0.000773
810
0
0.000744
702
0
0.000651
855
0
0.000802
15043
0
0.016047
10732
48
0.010958
11189
0
0.011483
13108
0
0.016926
12459
0
0.015482
8805
0
0.008935
15485
0
0.016292
14333
0
0.014554
14273
0
0.014663
14022
0
0.014165
