1.13844
19330030
9330030
10000000
691
1695
0.001417
709
0
0.001105
902
0
0.001255
371
0
0.000769
511
0
0.001033
591
0
0.001019
432
0
0.000818
481
0
0.000884
414
0
0.000812
792
814
0.001242
566
2292
0.001133
918
0
0.001293
1084
0
0.001471
528
0
0.00095
663
0
0.001087
640
0
0.001057
703
0
0.001136
637
0
0.001142
574
22
0.000998
717
225
0.00117
708
166
0.001132
689
0
0.00107
760
0
0.001117
227
0
0.000651
377
0
0.000795
475
0
0.00088
353
0
0.000764
406
0
0.000793
279
0
0.000723
761
0
0.001187
5634
0
0.006495
2911
465
0.0034
4274
0
0.004689
6406
0
0.007004
4902
0
0.005553
4216
0
0.004644
5592
0
0.006121
5583
0
0.006082
5048
0
0.005536
6272
0
0.006736
5236
0
0.00563
3374
214
0.003744
4976
0
0.005271
6002
0
0.006473
4856
0
0.005276
3695
0
0.004104
5617
0
0.005984
6236
0
0.006663
5969
0
0.006952
6671
0
0.007059
19193
0
0.022361
14881
822
0.015688
13904
0
0.01484
18047
0
0.019453
19367
0
0.021653
12997
0
0.014046
16607
0
0.017989
16677
0
0.01768
17824
0
0.019187
16007
0
0.017085
19904
0
0.022478
12704
1598
0.013693
14794
0
0.016024
19586
0
0.023258
20226
0
0.022556
13572
0
0.017357
17717
0
0.019666
16943
0
0.01801
19248
0
0.020797
16363
0
0.017194
238
0
0.000742
285
871
0.000775
277
0
0.000697
261
0
0.000698
176
0
0.000609
191
0
0.000616
368
0
0.000786
253
0
0.000702
269
0
0.000691
213
0
0.000646
793
0
0.001252
957
868
0.001395
1104
0
0.001512
738
0
0.001173
924
0
0.001353
952
0
0.001367
841
0
0.001247
810
0
0.001217
702
0
0.001117
855
0
0.001272
15043
0
0.018571
10732
309
0.011574
11189
0
0.012128
13108
0
0.016439
12459
0
0.013761
8805
0
0.009385
15485
0
0.016746
14333
0
0.015213
14273
0
0.015091
14022
0
0.014653
