1.36716
19560202
9560202
10000000
34511
49943
0.04871
20740
0
0.024384
23993
0
0.027872
29207
0
0.034087
22986
0
0.026725
23730
0
0.02809
26833
0
0.030754
26859
0
0.031443
25962
0
0.029979
35567
0
0.047567
9800
45349
0.014458
5634
0
0.006728
5224
0
0.006325
5587
0
0.007246
5504
0
0.006979
5542
0
0.006859
5441
0
0.006653
4857
0
0.006031
5209
0
0.006686
9747
3968
0.011821
35765
3974
0.049053
23780
0
0.028226
25294
0
0.029125
30314
0
0.044763
24245
0
0.029362
24204
0
0.028197
27749
0
0.031846
28889
0
0.033356
26764
0
0.030873
37267
0
0.051356
46188
0
0.065949
35453
7669
0.046687
36940
0
0.048757
46545
0
0.069205
38392
0
0.063509
36561
0
0.048416
43779
0
0.059366
46834
0
0.062374
44254
0
0.05943
47607
0
0.06241
123351
0
0.187297
108059
6660
0.145538
123191
0
0.164844
133784
0
0.197132
128235
0
0.188904
114439
0
0.158388
126228
0
0.185871
126439
0
0.174521
129554
0
0.178925
121429
0
0.16548
80160
0
0.116292
54416
9244
0.073025
56640
0
0.075402
73155
0
0.104073
67756
0
0.089634
58540
0
0.089991
70841
0
0.095561
67492
0
0.089659
72757
0
0.102674
70117
0
0.091225
130745
0
0.192982
112359
19350
0.148729
120013
0
0.172274
141148
0
0.202898
131198
0
0.173179
120094
0
0.166152
137032
0
0.181208
131854
0
0.173765
139891
0
0.206756
126335
0
0.175531
7413
0
0.008918
7113
147289
0.012316
7997
0
0.009533
7242
0
0.008629
7188
0
0.008219
7654
0
0.009133
8595
0
0.010082
7482
0
0.008806
7715
0
0.009101
7431
0
0.008691
27977
0
0.036475
22924
22312
0.02876
24308
0
0.029967
29347
0
0.038537
23648
0
0.029227
23463
0
0.029062
25391
0
0.031274
26335
0
0.032087
24405
0
0.029767
32457
0
0.048677
106296
0
0.154542
85929
3308
0.119075
92058
0
0.122801
107970
0
0.171619
98520
0
0.134753
93715
0
0.131377
109584
0
0.166639
108777
0
0.155451
106640
0
0.15044
107082
0
0.148729
