1.04794
18957039
8957039
10000000
390
345
0.000484
547
0
0.000493
784
0
0.000659
251
0
0.000199
405
0
0.000338
409
0
0.000332
326
0
0.000269
371
0
0.000303
285
0
0.00023
552
0
0.000482
290
724
0.000289
523
0
0.000453
759
0
0.000665
237
0
0.000195
333
0
0.000286
340
0
0.00029
361
0
0.000305
389
0
0.000334
258
0
0.000211
379
0
0.000333
407
0
0.000348
589
0
0.000486
651
0
0.000554
145
0
0.000111
283
0
0.000228
329
0
0.000274
307
0
0.000256
332
0
0.000269
182
0
0.000139
510
0
0.000437
2313
0
0.002185
621
131
0.000553
1180
0
0.001038
2142
0
0.001951
1979
0
0.001767
1744
0
0.001654
1825
0
0.001648
1684
0
0.001516
1411
0
0.001265
988
0
0.000853
2405
0
0.002189
1670
56
0.001514
2406
0
0.002197
2320
0
0.002093
2624
0
0.003099
1808
0
0.001812
2481
0
0.002296
2861
0
0.002689
2747
0
0.002507
1978
0
0.001788
3192
0
0.002973
3133
51
0.002806
1188
0
0.001039
2132
0
0.0019
2386
0
0.002147
2097
0
0.001917
2254
0
0.002044
2691
0
0.002415
1557
0
0.001394
1890
0
0.001694
4669
0
0.004594
1605
54
0.001457
2703
0
0.002531
4312
0
0.004118
3898
0
0.003722
3255
0
0.003094
4057
0
0.003912
3698
0
0.003617
3667
0
0.003533
2589
0
0.002442
141
0
0.000113
152
225
0.000133
169
0
0.000132
153
0
0.000114
84
0
6.2e-05
99
0
7.3e-05
177
0
0.000138
128
0
9.7e-05
148
0
0.00011
115
0
8.5e-05
423
0
0.000357
708
210
0.000638
855
0
0.000741
455
0
0.000393
673
0
0.000591
592
0
0.000519
521
0
0.000439
542
0
0.000465
374
0
0.000318
631
0
0.000553
2476
0
0.002236
4508
26
0.00412
1635
0
0.001457
1663
0
0.001499
2006
0
0.001774
1784
0
0.001588
2085
0
0.001878
2504
0
0.002277
1932
0
0.001729
1889
0
0.00167
