1.68794
19474933
9474933
10000000
2050
156
0.004666
2301
0
0.004953
1448
0
0.003086
1121
0
0.002656
1166
0
0.002531
1213
0
0.002219
1025
0
0.001688
1321
0
0.00289
940
0
0.002255
2091
0
0.004434
1052
154
0.002695
1256
0
0.002797
1379
0
0.003012
1151
0
0.002789
1052
0
0.00269
1281
0
0.003104
1062
0
0.002586
963
0
0.002372
931
0
0.00251
1194
0
0.002837
2640
0
0.005205
3291
0
0.005544
1684
0
0.002991
1533
0
0.00245
1505
0
0.002385
1435
0
0.002332
1407
0
0.002228
1901
0
0.002883
1273
0
0.002094
2478
0
0.003983
9363
0
0.016242
5900
29
0.009351
7249
0
0.010958
10354
0
0.016904
8322
0
0.012877
7256
0
0.010612
10898
0
0.018038
8850
0
0.018035
10474
0
0.019272
9079
0
0.052891
18486
0
0.03829
9125
40
0.013432
12986
0
0.019518
15153
0
0.022115
13681
0
0.020197
10151
0
0.024766
16928
0
0.031795
16523
0
0.034346
16226
0
0.047599
13700
0
0.021407
25661
0
0.051412
18776
40
0.028309
17337
0
0.026202
23410
0
0.061495
24236
0
0.061813
17601
0
0.035757
23841
0
0.043289
20940
0
0.054498
24961
0
0.05712
19480
0
0.041881
25105
0
0.059158
17279
65
0.031176
19111
0
0.056043
25465
0
0.064807
25040
0
0.053049
17760
0
0.028151
24874
0
0.040279
22452
0
0.042017
26187
0
0.044157
20924
0
0.031829
800
0
0.002035
935
168
0.001895
973
0
0.001944
911
0
0.00175
785
0
0.001415
737
0
0.00137
1044
0
0.002039
772
0
0.001432
1118
0
0.001888
746
0
0.001526
2333
0
0.004029
3287
75
0.004741
2869
0
0.007693
2999
0
0.005012
2567
0
0.009623
2685
0
0.006755
2489
0
0.00464
2712
0
0.004421
2097
0
0.003299
2470
0
0.004106
22506
0
0.037978
15320
17
0.023199
18480
0
0.030198
20656
0
0.031424
19598
0
0.030715
14950
0
0.022875
23992
0
0.071792
21801
0
0.044894
22006
0
0.044492
19877
0
0.04212
