1.19908
19530921
9530921
10000000
17751
6711
0.025899
9297
0
0.009805
12389
0
0.017762
17313
0
0.018907
13212
0
0.013551
11980
0
0.012509
15085
0
0.01564
15857
0
0.015986
14823
0
0.015499
17770
0
0.020917
3155
5877
0.003904
2917
0
0.0032
3252
0
0.006081
3274
0
0.004186
3296
0
0.003972
2824
0
0.003215
2955
0
0.003373
2809
0
0.003107
2896
0
0.003268
3592
0
0.004035
18166
93
0.021863
10342
0
0.010887
12468
0
0.012947
17691
0
0.018553
13587
0
0.013953
12271
0
0.01281
15570
0
0.016095
16486
0
0.016759
15214
0
0.019884
17985
0
0.01977
25054
0
0.032466
18217
1352
0.020612
20887
0
0.024127
29732
0
0.037122
21815
0
0.030321
21584
0
0.032561
27428
0
0.031496
28407
0
0.032493
27050
0
0.03895
27659
0
0.037603
62532
0
0.076552
48738
1375
0.065426
60018
0
0.070191
71667
0
0.101948
63498
0
0.072765
55870
0
0.068806
66212
0
0.081252
68062
0
0.083354
66547
0
0.083123
63903
0
0.072143
49626
0
0.066676
30762
2939
0.035189
35148
0
0.046845
49203
0
0.070942
45194
0
0.054201
36950
0
0.048492
47638
0
0.064808
43988
0
0.051633
48941
0
0.063382
40688
0
0.056533
102912
0
0.154278
86488
4375
0.106891
93038
0
0.115277
111680
0
0.145476
104076
0
0.133632
94875
0
0.128118
108799
0
0.135545
106013
0
0.130731
110756
0
0.136044
96731
0
0.115482
2178
0
0.002576
2054
5414
0.002558
2300
0
0.002624
2151
0
0.00253
1857
0
0.002106
1837
0
0.001988
2796
0
0.003069
2418
0
0.002623
2196
0
0.002363
1756
0
0.001872
12288
0
0.015029
11766
6856
0.013699
12349
0
0.014904
16966
0
0.019741
11853
0
0.021999
11787
0
0.015632
13139
0
0.014917
14449
0
0.017131
12148
0
0.014638
16473
0
0.018886
53357
0
0.07062
35777
494
0.043234
41819
0
0.049573
52305
0
0.065297
46679
0
0.059749
42198
0
0.050697
54812
0
0.073681
55001
0
0.076412
53274
0
0.065117
48529
0
0.061297
