2.04141
19474933
9474933
10000000
2050
30
0.005851
2301
0
0.003061
1448
0
0.001714
1121
0
0.001315
1166
0
0.001369
1213
0
0.001475
1025
0
0.001183
1321
0
0.001554
940
0
0.001095
2091
0
0.002657
1052
34
0.001518
1256
0
0.001568
1379
0
0.001696
1151
0
0.001485
1052
0
0.001333
1281
0
0.001638
1062
0
0.001336
963
0
0.00119
931
0
0.001161
1194
0
0.001526
2640
0
0.003618
3291
0
0.006163
1684
0
0.00283
1533
0
0.00187
1505
0
0.001886
1435
0
0.001826
1407
0
0.001704
1901
0
0.002634
1273
0
0.002573
2478
0
0.003471
9363
0
0.016042
5900
2
0.008121
7249
0
0.010148
10354
0
0.019481
8322
0
0.026212
7256
0
0.010686
10898
0
0.016571
8850
0
0.012666
10474
0
0.015035
9079
0
0.018496
18486
0
0.04181
9125
3
0.012824
12986
0
0.018239
15153
0
0.021063
13681
0
0.020621
10151
0
0.019387
16928
0
0.025677
16523
0
0.024497
16226
0
0.023103
13700
0
0.018977
25661
0
0.043447
18776
6
0.048651
17337
0
0.025643
23410
0
0.036095
24236
0
0.037287
17601
0
0.027759
23841
0
0.038397
20940
0
0.041975
24961
0
0.081356
19480
0
0.033753
25105
0
0.063256
17279
5
0.030258
19111
0
0.033537
25465
0
0.045908
25040
0
0.038442
17760
0
0.025725
24874
0
0.04647
22452
0
0.055508
26187
0
0.040337
20924
0
0.04087
800
0
0.001091
935
23
0.001181
973
0
0.00121
911
0
0.001146
785
0
0.000953
737
0
0.000907
1044
0
0.001294
772
0
0.000945
1118
0
0.001416
746
0
0.000906
2333
0
0.003193
3287
7
0.004841
2869
0
0.003817
2999
0
0.004041
2567
0
0.003455
2685
0
0.003658
2489
0
0.003311
2712
0
0.00356
2097
0
0.002731
2470
0
0.003292
22506
0
0.036884
15320
1
0.023492
18480
0
0.032842
20656
0
0.032021
19598
0
0.036957
14950
0
0.020965
23992
0
0.044284
21801
0
0.032086
22006
0
0.046074
19877
0
0.029071
