1.12252
19474933
9474933
10000000
2050
3467
0.00324
2301
0
0.002779
1448
0
0.00186
1121
0
0.001512
1166
0
0.001581
1213
0
0.001769
1025
0
0.001427
1321
0
0.001713
940
0
0.001361
2091
0
0.002586
1052
2881
0.001743
1256
0
0.001702
1379
0
0.001827
1151
0
0.001653
1052
0
0.001532
1281
0
0.001835
1062
0
0.001556
963
0
0.001431
931
0
0.001411
1194
0
0.001715
2640
574
0.003352
3291
0
0.003851
1684
0
0.002109
1533
0
0.001982
1505
0
0.001947
1435
0
0.00191
1407
0
0.001833
1901
0
0.002325
1273
0
0.001719
2478
0
0.003074
9363
0
0.012287
5900
840
0.006755
7249
0
0.008316
10354
0
0.013269
8322
0
0.00973
7256
0
0.009168
10898
0
0.013611
8850
0
0.010662
10474
0
0.012647
9079
0
0.010586
18486
0
0.022667
9125
679
0.00995
12986
0
0.014345
15153
0
0.016964
13681
0
0.014791
10151
0
0.011859
16928
0
0.018946
16523
0
0.019344
16226
0
0.018537
13700
0
0.017025
25661
0
0.032342
18776
1080
0.022489
17337
0
0.019317
23410
0
0.027917
24236
0
0.029323
17601
0
0.021477
23841
0
0.027237
20940
0
0.023308
24961
0
0.029246
19480
0
0.022091
25105
0
0.032537
17279
1368
0.019652
19111
0
0.021706
25465
0
0.030983
25040
0
0.029044
17760
0
0.028215
24874
0
0.030441
22452
0
0.027259
26187
0
0.031057
20924
0
0.023326
800
0
0.001384
935
5328
0.001622
973
0
0.001453
911
0
0.001388
785
0
0.001241
737
0
0.001187
1044
0
0.001501
772
0
0.001233
1118
0
0.001613
746
0
0.001235
2333
0
0.003552
3287
2177
0.004073
2869
0
0.003521
2999
0
0.003696
2567
0
0.003245
2685
0
0.003341
2489
0
0.003097
2712
0
0.003292
2097
0
0.002706
2470
0
0.003193
22506
0
0.027112
15320
351
0.016795
18480
0
0.020272
20656
0
0.022516
19598
0
0.021271
14950
0
0.016281
23992
0
0.030837
21801
0
0.029196
22006
0
0.024666
19877
0
0.022237
