1.0942
19474933
9474933
10000000
2050
5275
0.002756
2301
0
0.002357
1448
0
0.001352
1121
0
0.001038
1166
0
0.001092
1213
0
0.001146
1025
0
0.00094
1321
0
0.001249
940
0
0.000865
2091
2098
0.002186
1052
9217
0.00171
1256
0
0.001218
1379
303
0.001358
1151
9830
0.001574
1052
2762
0.001222
1281
18094
0.001915
1062
14096
0.001568
963
20471
0.001564
931
20564
0.0016
1194
17689
0.001874
2640
2175
0.002941
3291
0
0.003429
1684
0
0.001635
1533
0
0.001481
1505
0
0.001474
1435
0
0.001459
1407
0
0.001354
1901
0
0.001831
1273
0
0.001221
2478
1014
0.002614
9363
0
0.011045
5900
2305
0.006295
7249
0
0.007795
10354
0
0.012142
8322
0
0.008998
7256
0
0.007756
10898
0
0.011835
8850
0
0.009474
10474
0
0.011364
9079
0
0.00962
18486
0
0.021924
9125
1458
0.009422
12986
0
0.013496
15153
0
0.015719
13681
0
0.014392
10151
0
0.010532
16928
0
0.017726
16523
0
0.017271
16226
0
0.016938
13700
0
0.014269
25661
0
0.031526
18776
4239
0.019993
17337
0
0.018561
23410
0
0.025701
24236
0
0.026239
17601
0
0.019356
23841
0
0.026563
20940
0
0.024055
24961
0
0.027041
19480
0
0.020898
25105
0
0.028351
17279
3547
0.018392
19111
0
0.020608
25465
0
0.030705
25040
0
0.027318
17760
0
0.019294
24874
0
0.027541
22452
0
0.032925
26187
0
0.029711
20924
0
0.023661
800
0
0.000808
935
14409
0.001388
973
0
0.000935
911
0
0.000896
785
0
0.000741
737
0
0.000705
1044
551
0.00104
772
0
0.000747
1118
5624
0.001352
746
365
0.000728
2333
0
0.002467
3287
8976
0.003817
2869
0
0.003016
2999
0
0.003187
2567
0
0.002742
2685
0
0.00285
2489
0
0.002605
2712
0
0.002896
2097
0
0.002171
2470
0
0.0026
22506
0
0.025005
15320
886
0.016021
18480
0
0.019779
20656
0
0.021875
19598
0
0.020702
14950
0
0.015893
23992
0
0.026281
21801
0
0.023188
22006
0
0.023425
19877
0
0.020965
