1.26397
19560202
9560202
10000000
34511
36130
0.047984
20740
0
0.024491
23993
0
0.029375
29207
0
0.03339
22986
0
0.033395
23730
0
0.028637
26833
0
0.032304
26859
0
0.033491
25962
0
0.030696
35567
0
0.050759
9800
34561
0.014209
5634
0
0.007359
5224
0
0.007601
5587
0
0.007472
5504
0
0.007208
5542
0
0.007207
5441
0
0.007102
4857
0
0.006441
5209
0
0.007174
9747
0
0.012722
35765
693
0.04795
23780
0
0.028833
25294
0
0.030899
30314
0
0.047971
24245
0
0.029009
24204
0
0.032749
27749
0
0.036286
28889
0
0.034905
26764
0
0.032131
37267
0
0.054104
46188
0
0.06872
35453
2876
0.045678
36940
0
0.049068
46545
0
0.071259
38392
0
0.064332
36561
0
0.051683
43779
0
0.063917
46834
0
0.064259
44254
0
0.064589
47607
0
0.06586
123351
0
0.187944
108059
4239
0.145448
123191
0
0.167794
133784
0
0.20438
128235
0
0.170685
114439
0
0.153921
126228
0
0.183426
126439
0
0.173993
129554
0
0.177926
121429
0
0.164391
80160
0
0.11903
54416
5220
0.069683
56640
0
0.075799
73155
0
0.100039
67756
0
0.093791
58540
0
0.078436
70841
0
0.111578
67492
0
0.091323
72757
0
0.103968
70117
0
0.096765
130745
0
0.192678
112359
7814
0.145149
120013
0
0.155671
141148
0
0.207261
131198
0
0.173228
120094
0
0.158806
137032
0
0.194104
131854
0
0.175142
139891
0
0.186174
126335
0
0.176828
7413
0
0.009724
7113
67284
0.010893
7997
0
0.010223
7242
0
0.009208
7188
0
0.009697
7654
0
0.00961
8595
0
0.010757
7482
0
0.009284
7715
0
0.010216
7431
0
0.009229
27977
0
0.038258
22924
7404
0.029394
24308
0
0.03345
29347
0
0.041975
23648
0
0.030602
23463
0
0.030732
25391
0
0.032601
26335
0
0.035331
24405
0
0.031898
32457
0
0.041953
106296
0
0.147721
85929
1473
0.112695
92058
0
0.123509
107970
0
0.170366
98520
0
0.139336
93715
0
0.134789
109584
0
0.151322
108777
0
0.158469
106640
0
0.144091
107082
0
0.144264
