2.00112
19530921
9530921
10000000
17751
2469
0.051958
9297
0
0.028664
12389
0
0.031141
17313
0
0.02631
13212
0
0.01911
11980
0
0.017613
15085
0
0.023008
15857
0
0.028479
14823
0
0.022072
17770
0
0.029854
3155
2942
0.006453
2917
0
0.005599
3252
933
0.005355
3274
2786
0.005447
3296
435
0.008505
2824
1674
0.007952
2955
2188
0.006056
2809
2001
0.004721
2896
1643
0.005871
3592
2788
0.005893
18166
969
0.035139
10342
0
0.040253
12468
0
0.02627
17691
0
0.027226
13587
0
0.027663
12271
0
0.022718
15570
0
0.026541
16486
0
0.023894
15214
0
0.02207
17985
827
0.045594
25054
0
0.047038
18217
320
0.02887
20887
0
0.037242
29732
0
0.052829
21815
0
0.052916
21584
0
0.044043
27428
0
0.059778
28407
0
0.045768
27050
0
0.058167
27659
0
0.063069
62532
0
0.122047
48738
516
0.07496
60018
0
0.102477
71667
0
0.146824
63498
0
0.122249
55870
0
0.106324
66212
0
0.11492
68062
0
0.15361
66547
0
0.151507
63903
0
0.100067
49626
0
0.093107
30762
991
0.048152
35148
0
0.054876
49203
0
0.080553
45194
0
0.072737
36950
0
0.060578
47638
0
0.088436
43988
0
0.070931
48941
0
0.115719
40688
0
0.087017
102912
0
0.203431
86488
1410
0.139932
93038
0
0.158219
111680
0
0.285294
104076
0
0.17416
94875
0
0.213852
108799
0
0.245921
106013
0
0.198327
110756
0
0.248561
96731
0
0.192284
2178
0
0.004289
2054
806
0.003565
2300
0
0.004045
2151
0
0.003777
1857
0
0.003259
1837
0
0.003592
2796
0
0.004817
2418
3
0.004261
2196
269
0.003848
1756
559
0.003119
12288
0
0.022075
11766
1327
0.018515
12349
0
0.020859
16966
0
0.027182
11853
0
0.026206
11787
0
0.028805
13139
0
0.027573
14449
0
0.029313
12148
0
0.020099
16473
0
0.047238
53357
0
0.098787
35777
289
0.055635
41819
0
0.066018
52305
0
0.125647
46679
0
0.092059
42198
0
0.112413
54812
0
0.101072
55001
0
0.124607
53274
0
0.105806
48529
0
0.160116
