1.2379
19560202
9560202
10000000
34511
16579
0.045074
20740
0
0.023699
23993
0
0.028174
29207
0
0.033276
22986
0
0.025806
23730
0
0.027261
26833
0
0.029886
26859
0
0.029857
25962
0
0.031018
35567
0
0.04806
9800
30343
0.01288
5634
0
0.006522
5224
0
0.006471
5587
0
0.006989
5504
0
0.006735
5542
0
0.006728
5441
0
0.006669
4857
0
0.005874
5209
0
0.006459
9747
0
0.011401
35765
0
0.047212
23780
0
0.027979
25294
0
0.028686
30314
0
0.034235
24245
0
0.029125
24204
0
0.039075
27749
0
0.031549
28889
0
0.032589
26764
0
0.030186
37267
0
0.052689
46188
0
0.063698
35453
932
0.043818
36940
0
0.048629
46545
0
0.076984
38392
0
0.051441
36561
0
0.060041
43779
0
0.060799
46834
0
0.060697
44254
0
0.061394
47607
0
0.062408
123351
0
0.183169
108059
2352
0.163505
123191
0
0.15946
133784
0
0.182704
128235
0
0.176106
114439
0
0.15102
126228
0
0.169728
126439
0
0.181975
129554
0
0.179881
121429
0
0.161905
80160
0
0.124972
54416
1522
0.067455
56640
0
0.084015
73155
0
0.09579
67756
0
0.098761
58540
0
0.085318
70841
0
0.104905
67492
0
0.085711
72757
0
0.106606
70117
0
0.092917
130745
0
0.184742
112359
2109
0.156783
120013
0
0.176516
141148
0
0.195286
131198
0
0.171129
120094
0
0.15515
137032
0
0.19135
131854
0
0.172693
139891
0
0.184404
126335
0
0.173933
7413
0
0.009244
7113
21814
0.009394
7997
0
0.009566
7242
0
0.008616
7188
0
0.008211
7654
0
0.009049
8595
0
0.010062
7482
0
0.008678
7715
0
0.00901
7431
0
0.008514
27977
0
0.037423
22924
2312
0.028423
24308
0
0.030163
29347
0
0.040964
23648
0
0.029142
23463
0
0.028956
25391
0
0.031397
26335
0
0.03205
24405
0
0.039652
32457
0
0.03912
106296
0
0.14977
85929
190
0.114741
92058
0
0.135787
107970
0
0.155329
98520
0
0.132862
93715
0
0.125734
109584
0
0.157757
108777
0
0.144605
106640
0
0.143838
107082
0
0.143567
