1.19777
19530921
9530921
10000000
17751
26743
0.021817
9297
0
0.009855
12389
0
0.016042
17313
0
0.018266
13212
0
0.017651
11980
0
0.013318
15085
0
0.015494
15857
0
0.01608
14823
0
0.015409
17770
0
0.020575
3155
26396
0.00469
2917
0
0.003107
3252
8412
0.00402
3274
246117
0.010303
3296
4123
0.003899
2824
52156
0.004692
2955
146792
0.00741
2809
108747
0.007099
2896
56315
0.005974
3592
80783
0.007109
18166
7101
0.027341
10342
0
0.011174
12468
0
0.012865
17691
0
0.018585
13587
0
0.014014
12271
0
0.012832
15570
0
0.016061
16486
0
0.016768
15214
0
0.015694
17985
20834
0.024075
25054
0
0.03337
18217
4076
0.021308
20887
0
0.02401
29732
0
0.037022
21815
0
0.031136
21584
0
0.029802
27428
0
0.032549
28407
0
0.032586
27050
0
0.039039
27659
0
0.034646
62532
0
0.077061
48738
6081
0.063744
60018
0
0.068733
71667
0
0.09652
63498
0
0.073378
55870
0
0.075983
66212
0
0.083389
68062
0
0.077671
66547
0
0.085802
63903
0
0.072355
49626
0
0.06771
30762
15883
0.041311
35148
0
0.046229
49203
0
0.064322
45194
0
0.053535
36950
0
0.055847
47638
0
0.062671
43988
0
0.052704
48941
0
0.068574
40688
0
0.049221
102912
0
0.13736
86488
30483
0.114633
93038
0
0.120068
111680
0
0.150555
104076
0
0.128151
94875
0
0.117039
108799
0
0.143981
106013
0
0.130342
110756
0
0.13381
96731
0
0.126521
2178
0
0.002465
2054
16816
0.002846
2300
0
0.00255
2151
0
0.002415
1857
0
0.001997
1837
0
0.002029
2796
0
0.003165
2418
21
0.002661
2196
6189
0.002616
1756
5056
0.002104
12288
0
0.018174
11766
48346
0.01526
12349
0
0.017784
16966
0
0.02183
11853
0
0.013585
11787
0
0.013489
13139
0
0.01513
14449
0
0.01626
12148
0
0.013807
16473
0
0.018676
53357
0
0.068421
35777
2853
0.040507
41819
0
0.05649
52305
0
0.062097
46679
0
0.054039
42198
0
0.056606
54812
0
0.071481
55001
0
0.069147
53274
0
0.078727
48529
0
0.055992
