1.93662
18957039
8957039
10000000
390
21
0.006788
547
0
0.002952
784
0
0.001955
251
0
0.000816
405
0
0.000998
409
0
0.001111
326
0
0.000836
371
0
0.000894
285
0
0.000756
552
0
0.001159
290
93
0.000802
523
0
0.00103
759
0
0.001631
237
0
0.000724
333
0
0.000815
340
0
0.000847
361
0
0.000895
389
0
0.000952
258
0
0.001137
379
0
0.000934
407
0
0.001066
589
0
0.005868
651
0
0.015843
145
0
0.000932
283
0
0.001557
329
0
0.001281
307
0
0.001368
332
0
0.00108
182
0
0.000668
510
0
0.001232
2313
0
0.007349
621
11
0.001221
1180
0
0.002524
2142
0
0.006193
1979
0
0.002875
1744
0
0.002592
1825
0
0.002556
1684
0
0.002399
1411
0
0.00207
988
0
0.001526
2405
0
0.009586
1670
9
0.002446
2406
0
0.003872
2320
0
0.00318
2624
0
0.004502
1808
0
0.002911
2481
0
0.003457
2861
0
0.004475
2747
0
0.003795
1978
0
0.002709
3192
0
0.00538
3133
4
0.004208
1188
0
0.001902
2132
0
0.003702
2386
0
0.003401
2097
0
0.003005
2254
0
0.003178
2691
0
0.003613
1557
0
0.002246
1890
0
0.002707
4669
0
0.012851
1605
3
0.006071
2703
0
0.005202
4312
0
0.007219
3898
0
0.005538
3255
0
0.004602
4057
0
0.005732
3698
0
0.005341
3667
0
0.005064
2589
0
0.003776
141
0
0.000848
152
30
0.000597
169
0
0.000671
153
0
0.000607
84
0
0.000436
99
0
0.000475
177
0
0.000585
128
0
0.000524
148
0
0.000605
115
0
0.00048
423
0
0.001034
708
29
0.001343
855
0
0.001902
455
0
0.000918
673
0
0.001184
592
0
0.001081
521
0
0.000976
542
0
0.00106
374
0
0.000943
631
0
0.001153
2476
0
0.003599
4508
4
0.009841
1635
0
0.011262
1663
0
0.006848
2006
0
0.002881
1784
0
0.004109
2085
0
0.003223
2504
0
0.003598
1932
0
0.002696
1889
0
0.0026
