1.71471
18957039
8957039
10000000
390
114
0.010187
547
0
0.004721
784
0
0.011635
251
0
0.001409
405
0
0.000956
409
0
0.000899
326
0
0.000774
371
0
0.000831
285
0
0.000754
552
95
0.001118
290
294
0.000829
523
189
0.001039
759
224
0.001325
237
254
0.000699
333
245
0.000825
340
248
0.000821
361
336
0.000862
389
298
0.000859
258
210
0.00111
379
331
0.001511
407
24
0.001966
589
0
0.001893
651
0
0.002003
145
0
0.000846
283
0
0.001183
329
0
0.001059
307
0
0.001397
332
0
0.001907
182
0
0.001683
510
0
0.003081
2313
0
0.011964
621
49
0.002347
1180
0
0.003621
2142
5
0.006503
1979
1
0.004964
1744
0
0.00508
1825
0
0.00492
1684
0
0.013768
1411
11
0.011176
988
0
0.001735
2405
2
0.005496
1670
45
0.004559
2406
0
0.004193
2320
0
0.004824
2624
0
0.004258
1808
0
0.00281
2481
0
0.003678
2861
0
0.003858
2747
0
0.003668
1978
0
0.009422
3192
0
0.005713
3133
35
0.004783
1188
0
0.002087
2132
0
0.003292
2386
0
0.003676
2097
0
0.003076
2254
0
0.003173
2691
0
0.003734
1557
0
0.002623
1890
0
0.002851
4669
26
0.007236
1605
53
0.002565
2703
0
0.003967
4312
15
0.006103
3898
10
0.005665
3255
0
0.004531
4057
20
0.005876
3698
17
0.005262
3667
10
0.005199
2589
0
0.004139
141
92
0.000661
152
123
0.000594
169
166
0.000651
153
124
0.000605
84
29
0.000544
99
31
0.000567
177
161
0.000652
128
10
0.000567
148
91
0.000595
115
54
0.005219
423
7
0.000973
708
134
0.001335
855
0
0.001424
455
0
0.001381
673
202
0.001405
592
0
0.001132
521
29
0.001099
542
0
0.001213
374
19
0.000957
631
16
0.001424
2476
0
0.003621
4508
22
0.006089
1635
0
0.002491
1663
0
0.002667
2006
0
0.002741
1784
0
0.00317
2085
0
0.003162
2504
0
0.00761
1932
0
0.002713
1889
0
0.003248
