1.94708
18957039
8957039
10000000
390
51
0.001265
547
0
0.00106
784
0
0.001274
251
0
0.00066
405
0
0.000858
409
0
0.000837
326
0
0.001034
371
0
0.000872
285
0
0.01032
552
0
0.001135
290
136
0.004885
523
0
0.007964
759
0
0.001586
237
0
0.000618
333
0
0.002056
340
0
0.00112
361
0
0.00113
389
0
0.001024
258
0
0.00067
379
0
0.000821
407
0
0.001062
589
0
0.001085
651
0
0.001182
145
0
0.000582
283
0
0.00071
329
0
0.000761
307
0
0.000722
332
0
0.00073
182
0
0.000633
510
0
0.000965
2313
0
0.003999
621
34
0.001473
1180
0
0.001987
2142
0
0.002956
1979
0
0.002878
1744
0
0.00257
1825
0
0.002772
1684
0
0.002661
1411
0
0.002404
988
0
0.001691
2405
0
0.004362
1670
13
0.002842
2406
0
0.004221
2320
0
0.005575
2624
0
0.019434
1808
0
0.003372
2481
0
0.004159
2861
0
0.006149
2747
0
0.003869
1978
0
0.002997
3192
0
0.005184
3133
9
0.004637
1188
0
0.00235
2132
0
0.003295
2386
0
0.003706
2097
0
0.003207
2254
0
0.003509
2691
0
0.00395
1557
0
0.002787
1890
0
0.002876
4669
0
0.007709
1605
13
0.002594
2703
0
0.003929
4312
0
0.006583
3898
0
0.005747
3255
0
0.004865
4057
0
0.006873
3698
0
0.006686
3667
0
0.005658
2589
0
0.004212
141
0
0.00103
152
34
0.000751
169
0
0.001497
153
0
0.000606
84
0
0.000536
99
0
0.000608
177
0
0.00071
128
0
0.000637
148
0
0.000841
115
0
0.003797
423
0
0.000983
708
44
0.001485
855
0
0.001787
455
0
0.000949
673
0
0.001494
592
0
0.001143
521
0
0.001064
542
0
0.00131
374
0
0.000877
631
0
0.001366
2476
0
0.004125
4508
10
0.006782
1635
0
0.002631
1663
0
0.00272
2006
0
0.003293
1784
0
0.002925
2085
0
0.006284
2504
0
0.004242
1932
0
0.002929
1889
0
0.002765
