1.07013
18957039
8957039
10000000
390
677
0.000512
547
0
0.000512
784
0
0.000663
251
0
0.000194
405
0
0.000336
409
0
0.000341
326
0
0.000268
371
0
0.000305
285
0
0.000226
552
596
0.000518
290
1679
0.000525
523
954
0.000509
759
1609
0.000741
237
1476
0.000264
333
1187
0.000362
340
3209
0.000414
361
2754
0.000412
389
2667
0.00046
258
2152
0.000316
379
5788
0.000544
407
94
0.000355
589
0
0.000491
651
0
0.000526
145
0
0.000115
283
0
0.000229
329
0
0.000273
307
0
0.000252
332
0
0.000268
182
0
0.000152
510
0
0.000436
2313
0
0.002196
621
258
0.00056
1180
0
0.00104
2142
15
0.001955
1979
1
0.001774
1744
0
0.001563
1825
0
0.001661
1684
0
0.00151
1411
21
0.001273
988
0
0.000891
2405
2
0.002215
1670
237
0.001536
2406
0
0.002237
2320
0
0.002134
2624
0
0.002455
1808
0
0.00163
2481
0
0.002269
2861
0
0.002695
2747
0
0.002534
1978
0
0.001785
3192
0
0.003017
3133
206
0.002859
1188
0
0.001081
2132
0
0.001902
2386
0
0.002161
2097
0
0.001909
2254
0
0.002109
2691
0
0.002477
1557
0
0.001404
1890
0
0.001699
4669
100
0.004611
1605
298
0.001504
2703
0
0.002581
4312
60
0.004159
3898
22
0.003804
3255
0
0.003104
4057
57
0.004004
3698
205
0.003608
3667
46
0.003542
2589
0
0.002445
141
460
0.000139
152
582
0.000154
169
1164
0.000184
153
330
0.000137
84
69
7.6e-05
99
220
8.4e-05
177
654
0.000173
128
61
0.000102
148
586
0.000139
115
219
9.9e-05
423
39
0.000361
708
966
0.00067
855
0
0.000731
455
0
0.000392
673
2270
0.000708
592
0
0.00052
521
133
0.000448
542
0
0.000466
374
101
0.000325
631
61
0.000556
2476
0
0.002242
4508
94
0.004173
1635
0
0.001471
1663
0
0.001486
2006
0
0.001827
1784
0
0.001592
2085
0
0.001875
2504
0
0.002304
1932
0
0.00174
1889
0
0.001675
