2.37065
19560202
9560202
10000000
34511
31
0.065978
20740
0
0.03498
23993
0
0.038892
29207
0
0.043624
22986
0
0.046823
23730
0
0.036151
26833
0
0.041739
26859
0
0.042276
25962
0
0.039601
35567
0
0.063794
9800
11
0.017204
5634
0
0.008537
5224
0
0.008567
5587
0
0.008938
5504
0
0.008675
5542
0
0.009694
5441
0
0.008507
4857
0
0.008347
5209
0
0.008271
9747
0
0.020918
35765
0
0.079887
23780
0
0.054811
25294
0
0.043555
30314
0
0.059178
24245
0
0.053333
24204
0
0.047637
27749
0
0.067365
28889
0
0.049947
26764
0
0.043455
37267
0
0.082927
46188
0
0.099781
35453
3
0.062226
36940
0
0.075649
46545
0
0.099371
38392
0
0.07408
36561
0
0.142908
43779
0
0.098157
46834
0
0.095578
44254
0
0.094732
47607
0
0.095253
123351
0
0.305083
108059
0
0.208991
123191
0
0.232074
133784
0
0.373276
128235
0
0.236355
114439
0
0.233438
126228
0
0.292965
126439
0
0.256967
129554
0
0.245204
121429
0
0.298917
80160
0
0.162175
54416
1
0.106948
56640
0
0.122977
73155
0
0.164771
67756
0
0.126785
58540
0
0.141176
70841
0
0.135265
67492
0
0.127981
72757
0
0.141718
70117
0
0.184498
130745
0
0.276747
112359
8
0.239909
120013
0
0.26517
141148
0
0.311801
131198
0
0.291032
120094
0
0.261829
137032
0
0.270163
131854
0
0.269001
139891
0
0.284636
126335
0
0.246911
7413
0
0.013159
7113
15
0.010907
7997
0
0.023461
7242
0
0.014709
7188
0
0.011009
7654
0
0.011935
8595
0
0.013637
7482
0
0.011753
7715
0
0.011664
7431
0
0.01185
27977
0
0.053693
22924
9
0.042197
24308
0
0.060446
29347
0
0.069064
23648
0
0.041523
23463
0
0.069945
25391
0
0.046575
26335
0
0.044985
24405
0
0.042532
32457
0
0.05716
106296
0
0.239686
85929
0
0.189749
92058
0
0.183185
107970
0
0.249288
98520
0
0.183194
93715
0
0.236711
109584
0
0.249098
108777
0
0.238446
106640
0
0.227459
107082
0
0.252588
