1.11602
19474933
9474933
10000000
2050
210
0.00328
2301
0
0.002882
1448
0
0.002105
1121
0
0.001624
1166
0
0.001634
1213
0
0.001671
1025
0
0.001482
1321
0
0.001822
940
0
0.001407
2091
0
0.002606
1052
102
0.001667
1256
0
0.001691
1379
0
0.001861
1151
0
0.001629
1052
0
0.001575
1281
0
0.001835
1062
0
0.001666
963
0
0.001462
931
0
0.001526
1194
0
0.001691
2640
0
0.003338
3291
0
0.003901
1684
0
0.002267
1533
0
0.001967
1505
0
0.002077
1435
0
0.001923
1407
0
0.001886
1901
0
0.002439
1273
0
0.001822
2478
0
0.003072
9363
0
0.012254
5900
8
0.006791
7249
0
0.008312
10354
0
0.012689
8322
0
0.009441
7256
0
0.008639
10898
0
0.012492
8850
0
0.010406
10474
0
0.012224
9079
0
0.010249
18486
0
0.023143
9125
9
0.009871
12986
0
0.014732
15153
0
0.016803
13681
0
0.014934
10151
0
0.01147
16928
0
0.018376
16523
0
0.018028
16226
0
0.01832
13700
0
0.01516
25661
0
0.032426
18776
18
0.020823
17337
0
0.019432
23410
0
0.026571
24236
0
0.02757
17601
0
0.019893
23841
0
0.027556
20940
0
0.023816
24961
0
0.028359
19480
0
0.021798
25105
0
0.029893
17279
12
0.018952
19111
0
0.021805
25465
0
0.032537
25040
0
0.02894
17760
0
0.020403
24874
0
0.037131
22452
0
0.025226
26187
0
0.029535
20924
0
0.023561
800
0
0.001535
935
50
0.00165
973
0
0.001617
911
0
0.001558
785
0
0.001359
737
0
0.00131
1044
0
0.001568
772
0
0.001332
1118
0
0.001692
746
0
0.001387
2333
0
0.003086
3287
35
0.004374
2869
0
0.00364
2999
0
0.003839
2567
0
0.003355
2685
0
0.003482
2489
0
0.003203
2712
0
0.003404
2097
0
0.002778
2470
0
0.003236
22506
0
0.025786
15320
2
0.016712
18480
0
0.020438
20656
0
0.022683
19598
0
0.021334
14950
0
0.016375
23992
0
0.026975
21801
0
0.024024
22006
0
0.024278
19877
0
0.021757
