2.45365
19560202
9560202
10000000
34511
3095
0.070073
20740
0
0.033758
23993
0
0.037624
29207
0
0.05202
22986
0
0.039707
23730
0
0.037637
26833
0
0.041269
26859
0
0.04047
25962
0
0.042235
35567
0
0.07176
9800
4536
0.017616
5634
0
0.014138
5224
0
0.021461
5587
0
0.011205
5504
0
0.009232
5542
0
0.010038
5441
0
0.012113
4857
0
0.008274
5209
0
0.009003
9747
0
0.019476
35765
145
0.094151
23780
0
0.043799
25294
0
0.051738
30314
0
0.075495
24245
0
0.040885
24204
0
0.03866
27749
0
0.043209
28889
0
0.04547
26764
0
0.044608
37267
0
0.083766
46188
0
0.10146
35453
195
0.06168
36940
0
0.064359
46545
0
0.094234
38392
0
0.071615
36561
0
0.065002
43779
0
0.081044
46834
0
0.09132
44254
0
0.122608
47607
0
0.113131
123351
0
0.270537
108059
325
0.205045
123191
0
0.245529
133784
0
0.309757
128235
0
0.269315
114439
0
0.242365
126228
0
0.279951
126439
0
0.302387
129554
0
0.296671
121429
0
0.241647
80160
0
0.183101
54416
309
0.115482
56640
0
0.126731
73155
0
0.142348
67756
0
0.127493
58540
0
0.11327
70841
0
0.198478
67492
0
0.153937
72757
0
0.175968
70117
0
0.156339
130745
0
0.271783
112359
588
0.230219
120013
0
0.262715
141148
0
0.285879
131198
0
0.256182
120094
0
0.24992
137032
0
0.280461
131854
0
0.252332
139891
0
0.278924
126335
0
0.306502
7413
0
0.029571
7113
1614
0.019189
7997
0
0.016626
7242
0
0.012232
7188
0
0.012912
7654
0
0.012912
8595
0
0.014183
7482
0
0.011842
7715
0
0.027257
7431
0
0.021842
27977
0
0.072554
22924
670
0.05731
24308
0
0.059336
29347
0
0.067638
23648
0
0.040839
23463
0
0.048914
25391
0
0.073728
26335
0
0.056561
24405
0
0.04733
32457
0
0.065186
106296
0
0.27386
85929
126
0.189637
92058
0
0.178343
107970
0
0.249744
98520
0
0.200431
93715
0
0.21198
109584
0
0.215191
108777
0
0.235689
106640
0
0.305858
107082
0
0.209517
