1.13438
19474933
9474933
10000000
2050
1000
0.003373
2301
0
0.002513
1448
0
0.001444
1121
0
0.00114
1166
0
0.001157
1213
0
0.001225
1025
0
0.001021
1321
0
0.001334
940
0
0.000932
2091
0
0.002152
1052
668
0.001229
1256
0
0.001235
1379
0
0.001335
1151
0
0.001142
1052
0
0.001047
1281
0
0.001288
1062
0
0.00105
963
0
0.000945
931
0
0.000918
1194
0
0.001202
2640
0
0.003046
3291
0
0.003424
1684
0
0.001593
1533
0
0.001456
1505
0
0.001458
1435
0
0.001395
1407
0
0.001333
1901
0
0.001834
1273
0
0.001217
2478
0
0.00259
9363
0
0.010896
5900
190
0.006195
7249
0
0.007786
10354
0
0.011665
8322
0
0.008928
7256
0
0.010512
10898
0
0.012525
8850
0
0.00945
10474
0
0.01444
9079
0
0.011447
18486
0
0.021556
9125
181
0.009558
12986
0
0.013595
15153
0
0.015699
13681
0
0.014232
10151
0
0.01249
16928
0
0.01839
16523
0
0.021265
16226
0
0.018082
13700
0
0.014169
25661
0
0.031012
18776
201
0.019989
17337
0
0.022847
23410
0
0.030577
24236
0
0.026674
17601
0
0.019001
23841
0
0.025956
20940
0
0.022777
24961
0
0.02846
19480
0
0.021024
25105
0
0.0283
17279
302
0.018238
19111
0
0.020634
25465
0
0.030523
25040
0
0.035919
17760
0
0.01986
24874
0
0.027902
22452
0
0.024524
26187
0
0.028965
20924
0
0.02272
800
0
0.000824
935
1084
0.000986
973
0
0.000951
911
0
0.000893
785
0
0.000762
737
0
0.000711
1044
0
0.001017
772
0
0.000801
1118
0
0.001202
746
0
0.00072
2333
0
0.002626
3287
347
0.003512
2869
0
0.003005
2999
0
0.003194
2567
0
0.002775
2685
0
0.00287
2489
0
0.002623
2712
0
0.002831
2097
0
0.002194
2470
0
0.002619
22506
0
0.024964
15320
77
0.016014
18480
0
0.019736
20656
0
0.022015
19598
0
0.020648
14950
0
0.015884
23992
0
0.027066
21801
0
0.02381
22006
0
0.023648
19877
0
0.02114
