2.42398
19560202
9560202
10000000
34511
6934
0.076203
20740
0
0.053745
23993
0
0.035498
29207
0
0.062005
22986
0
0.041532
23730
0
0.038876
26833
0
0.05531
26859
0
0.041519
25962
0
0.056064
35567
0
0.06346
9800
8096
0.018466
5634
0
0.009038
5224
0
0.0085
5587
4795
0.009671
5504
333
0.009718
5542
300
0.009483
5441
857
0.009319
4857
1984
0.008592
5209
489
0.009002
9747
5844
0.019756
35765
3484
0.069858
23780
0
0.044413
25294
0
0.039007
30314
0
0.047202
24245
0
0.041865
24204
0
0.038626
27749
0
0.043193
28889
0
0.049218
26764
0
0.081139
37267
6799
0.069879
46188
0
0.090476
35453
516
0.060793
36940
0
0.080673
46545
0
0.113839
38392
0
0.073945
36561
0
0.064279
43779
0
0.080328
46834
0
0.086343
44254
0
0.128232
47607
0
0.137219
123351
0
0.259948
108059
1090
0.238756
123191
0
0.244766
133784
0
0.282883
128235
0
0.234426
114439
0
0.215563
126228
0
0.261506
126439
0
0.24041
129554
0
0.242679
121429
0
0.226143
80160
0
0.163658
54416
1197
0.093077
56640
0
0.105816
73155
0
0.131751
67756
0
0.117835
58540
0
0.106502
70841
0
0.12777
67492
0
0.120663
72757
0
0.138318
70117
0
0.124301
130745
0
0.259917
112359
1718
0.193806
120013
0
0.207797
141148
0
0.262765
131198
0
0.230673
120094
0
0.209791
137032
0
0.250786
131854
0
0.233804
139891
0
0.277437
126335
0
0.222976
7413
0
0.01525
7113
2996
0.012133
7997
0
0.013593
7242
0
0.012011
7188
264
0.013006
7654
188
0.013956
8595
1476
0.023051
7482
0
0.017793
7715
1046
0.018549
7431
0
0.012027
27977
0
0.054621
22924
2595
0.039199
24308
0
0.041537
29347
0
0.055593
23648
0
0.040433
23463
0
0.046286
25391
0
0.045564
26335
0
0.058661
24405
0
0.042001
32457
0
0.054683
106296
0
0.207628
85929
571
0.194592
92058
0
0.167372
107970
0
0.212317
98520
0
0.177992
93715
0
0.172367
109584
0
0.196429
108777
0
0.201834
106640
0
0.206703
107082
0
0.201548
