2.32187
19560202
9560202
10000000
34511
4383
0.089634
20740
0
0.062091
23993
0
0.047704
29207
0
0.049335
22986
0
0.050699
23730
0
0.047247
26833
0
0.055647
26859
0
0.057084
25962
0
0.046919
35567
0
0.103102
9800
6031
0.027465
5634
0
0.017759
5224
0
0.012819
5587
0
0.01088
5504
0
0.009694
5542
0
0.009644
5441
0
0.009456
4857
0
0.008411
5209
0
0.009179
9747
3968
0.017192
35765
672
0.07461
23780
0
0.037956
25294
0
0.041331
30314
0
0.0536
24245
0
0.037621
24204
0
0.041597
27749
0
0.044586
28889
0
0.045504
26764
0
0.051822
37267
0
0.099331
46188
0
0.097376
35453
367
0.06332
36940
0
0.069172
46545
0
0.119933
38392
0
0.069823
36561
0
0.064152
43779
0
0.080079
46834
0
0.084329
44254
0
0.090783
47607
0
0.085566
123351
0
0.30812
108059
500
0.223881
123191
0
0.223857
133784
0
0.357662
128235
0
0.336381
114439
0
0.227781
126228
0
0.223469
126439
0
0.237556
129554
0
0.232051
121429
0
0.21953
80160
0
0.168787
54416
580
0.103705
56640
0
0.101363
73155
0
0.135778
67756
0
0.11929
58540
0
0.107176
70841
0
0.128009
67492
0
0.16348
72757
0
0.213838
70117
0
0.168041
130745
0
0.256555
112359
955
0.242498
120013
0
0.212243
141148
0
0.288634
131198
0
0.241742
120094
0
0.288787
137032
0
0.277273
131854
0
0.240982
139891
0
0.297597
126335
0
0.23643
7413
0
0.014804
7113
2134
0.01477
7997
0
0.016115
7242
0
0.021554
7188
0
0.012184
7654
0
0.017824
8595
0
0.018942
7482
0
0.012368
7715
0
0.012778
7431
0
0.012293
27977
0
0.052522
22924
1152
0.039516
24308
0
0.041384
29347
0
0.054031
23648
0
0.042109
23463
0
0.040287
25391
0
0.047311
26335
0
0.044335
24405
0
0.044681
32457
0
0.061852
106296
0
0.277229
85929
268
0.195295
92058
0
0.201916
107970
0
0.30676
98520
0
0.215794
93715
0
0.187562
109584
0
0.208318
108777
0
0.219897
106640
0
0.234588
107082
0
0.197645
