2.11733
19530921
9530921
10000000
17751
1601
0.050011
9297
0
0.025559
12389
0
0.023554
17313
0
0.032645
13212
0
0.026828
11980
0
0.024923
15085
0
0.054392
15857
0
0.036753
14823
0
0.033373
17770
0
0.033307
3155
2702
0.011605
2917
0
0.042115
3252
0
0.007865
3274
164
0.006133
3296
0
0.00555
2824
0
0.004924
2955
0
0.005272
2809
0
0.004673
2896
0
0.004851
3592
0
0.006087
18166
425
0.036399
10342
0
0.015987
12468
0
0.018036
17691
0
0.025904
13587
0
0.033478
12271
0
0.019665
15570
0
0.024119
16486
0
0.02725
15214
0
0.022293
17985
0
0.029069
25054
0
0.048586
18217
271
0.032008
20887
0
0.036734
29732
0
0.051957
21815
0
0.036992
21584
0
0.035537
27428
0
0.044903
28407
0
0.048167
27050
0
0.045609
27659
0
0.04815
62532
0
0.11416
48738
346
0.075626
60018
0
0.092173
71667
0
0.122563
63498
0
0.11387
55870
0
0.088487
66212
0
0.107003
68062
0
0.105028
66547
0
0.104646
63903
0
0.106769
49626
0
0.093572
30762
579
0.048612
35148
0
0.077795
49203
0
0.115555
45194
0
0.091879
36950
0
0.072549
47638
0
0.083891
43988
0
0.076586
48941
0
0.082596
40688
0
0.067548
102912
0
0.193152
86488
1064
0.140058
93038
0
0.15709
111680
0
0.213227
104076
0
0.168396
94875
0
0.155495
108799
0
0.19062
106013
0
0.178864
110756
0
0.268375
96731
0
0.184189
2178
0
0.004301
2054
603
0.003767
2300
0
0.004271
2151
0
0.003558
1857
0
0.003081
1837
0
0.00356
2796
0
0.004749
2418
0
0.004463
2196
0
0.003975
1756
0
0.002922
12288
0
0.027112
11766
880
0.01881
12349
0
0.031013
16966
0
0.03206
11853
0
0.019092
11787
0
0.018636
13139
0
0.022536
14449
0
0.023686
12148
0
0.019231
16473
0
0.02819
53357
0
0.13276
35777
214
0.08423
41819
0
0.096294
52305
0
0.117651
46679
0
0.100637
42198
0
0.068688
54812
0
0.098179
55001
0
0.087961
53274
0
0.091903
48529
0
0.079494
