1.20341
19530921
9530921
10000000
17751
16699
0.021731
9297
0
0.009808
12389
0
0.015231
17313
0
0.01825
13212
0
0.016283
11980
0
0.014314
15085
0
0.015484
15857
0
0.016024
14823
0
0.015542
17770
0
0.020825
3155
13885
0.004235
2917
0
0.003113
3252
0
0.003601
3274
3116
0.003846
3296
0
0.003676
2824
0
0.003166
2955
0
0.003301
2809
0
0.003125
2896
0
0.003261
3592
0
0.00402
18166
2250
0.020418
10342
0
0.010925
12468
0
0.013101
17691
0
0.018578
13587
0
0.014008
12271
0
0.013085
15570
0
0.016127
16486
0
0.01675
15214
0
0.015711
17985
0
0.019491
25054
0
0.03285
18217
3262
0.020953
20887
0
0.023935
29732
0
0.037367
21815
0
0.025404
21584
0
0.025774
27428
0
0.031952
28407
0
0.032918
27050
0
0.031384
27659
0
0.039553
62532
0
0.07968
48738
3649
0.055105
60018
0
0.071314
71667
0
0.093295
63498
0
0.07569
55870
0
0.065638
66212
0
0.087961
68062
0
0.079481
66547
0
0.081245
63903
0
0.08415
49626
0
0.067639
30762
9473
0.038999
35148
0
0.042274
49203
0
0.058217
45194
0
0.053122
36950
0
0.043414
47638
0
0.056406
43988
0
0.060293
48941
0
0.058208
40688
0
0.047263
102912
0
0.134742
86488
21487
0.110331
93038
0
0.123963
111680
0
0.145945
104076
0
0.128211
94875
0
0.121831
108799
0
0.138287
106013
0
0.128281
110756
0
0.135495
96731
0
0.117753
2178
0
0.002464
2054
17458
0.002769
2300
0
0.002544
2151
0
0.002356
1857
0
0.001961
1837
0
0.001982
2796
0
0.003083
2418
0
0.002613
2196
0
0.00237
1756
0
0.001863
12288
0
0.014883
11766
19393
0.014552
12349
0
0.014666
16966
0
0.019481
11853
0
0.013719
11787
0
0.013539
13139
0
0.014958
14449
0
0.016475
12148
0
0.013868
16473
0
0.018608
53357
0
0.069323
35777
1850
0.040905
41819
0
0.04844
52305
0
0.072289
46679
0
0.05496
42198
0
0.048824
54812
0
0.071104
55001
0
0.065949
53274
0
0.062866
48529
0
0.059144
