1.99277
19330030
9330030
10000000
691
213
0.001769
709
0
0.001213
902
0
0.001429
371
0
0.000787
511
0
0.000975
591
0
0.001038
432
0
0.000846
481
0
0.000915
414
0
0.000833
792
74
0.001358
566
429
0.001249
918
0
0.002708
1084
0
0.003152
528
0
0.001973
663
0
0.010445
640
0
0.001262
703
0
0.001264
637
0
0.001196
574
22
0.001092
717
30
0.001304
708
38
0.00678
689
0
0.00115
760
0
0.001231
227
0
0.000615
377
0
0.000808
475
0
0.000929
353
0
0.00076
406
0
0.000837
279
0
0.00065
761
0
0.00135
5634
0
0.009299
2911
71
0.004192
4274
0
0.006201
6406
0
0.013061
4902
0
0.010195
4216
0
0.0123
5592
0
0.00875
5583
0
0.007972
5048
0
0.011056
6272
0
0.016126
5236
0
0.008215
3374
44
0.004669
4976
0
0.007079
6002
0
0.012366
4856
0
0.006527
3695
0
0.004934
5617
0
0.007639
6236
0
0.008707
5969
0
0.008099
6671
0
0.009638
19193
0
0.032787
14881
111
0.030442
13904
0
0.024144
18047
0
0.027938
19367
0
0.030719
12997
0
0.020183
16607
0
0.026809
16677
0
0.029627
17824
0
0.029854
16007
0
0.023352
19904
0
0.067197
12704
173
0.018456
14794
0
0.021276
19586
0
0.031978
20226
0
0.031785
13572
0
0.019381
17717
0
0.060904
16943
0
0.032017
19248
0
0.035197
16363
0
0.024227
238
0
0.000949
285
73
0.000803
277
0
0.004534
261
0
0.000661
176
0
0.00055
191
0
0.000594
368
0
0.000824
253
0
0.000648
269
0
0.005826
213
0
0.000617
793
0
0.001417
957
134
0.001827
1104
0
0.0017
738
0
0.001283
924
0
0.00151
952
0
0.001497
841
0
0.001644
810
0
0.005134
702
0
0.001241
855
0
0.001529
15043
0
0.037354
10732
62
0.018672
11189
0
0.015759
13108
0
0.018892
12459
0
0.022148
8805
0
0.014592
15485
0
0.023886
14333
0
0.020283
14273
0
0.025115
14022
0
0.025626
