1.74488
18957039
8957039
10000000
390
93
0.001795
547
0
0.001154
784
0
0.001652
251
0
0.000854
405
0
0.001204
409
0
0.001442
326
0
0.001584
371
0
0.001773
285
0
0.001068
552
79
0.001118
290
252
0.00092
523
0
0.001253
759
37
0.001548
237
55
0.000779
333
23
0.000996
340
224
0.00094
361
235
0.000917
389
128
0.000974
258
93
0.000761
379
120
0.000978
407
12
0.001025
589
0
0.001219
651
0
0.001302
145
0
0.000616
283
0
0.000792
329
0
0.000858
307
0
0.000937
332
0
0.000906
182
0
0.000703
510
0
0.001264
2313
0
0.003605
621
45
0.001663
1180
0
0.00205
2142
0
0.003506
1979
0
0.002831
1744
0
0.002579
1825
0
0.002575
1684
0
0.002414
1411
0
0.006344
988
0
0.001614
2405
0
0.003716
1670
33
0.002556
2406
0
0.003432
2320
0
0.003136
2624
0
0.003778
1808
0
0.002546
2481
0
0.00339
2861
0
0.004033
2747
0
0.003997
1978
0
0.002778
3192
0
0.004883
3133
26
0.004365
1188
0
0.001848
2132
0
0.003182
2386
0
0.003366
2097
0
0.003135
2254
0
0.0036
2691
0
0.003875
1557
0
0.002363
1890
0
0.002722
4669
0
0.00742
1605
41
0.002638
2703
0
0.004318
4312
0
0.006448
3898
0
0.005936
3255
0
0.004909
4057
0
0.006018
3698
0
0.006112
3667
0
0.005272
2589
0
0.00354
141
1
0.000652
152
112
0.000713
169
4
0.000626
153
12
0.000596
84
4
0.000511
99
0
0.00051
177
0
0.000607
128
0
0.00054
148
8
0.00242
115
0
0.00058
423
0
0.000964
708
120
0.001319
855
0
0.005463
455
0
0.001039
673
16
0.001313
592
0
0.001401
521
0
0.001192
542
0
0.001229
374
0
0.00103
631
0
0.001157
2476
0
0.003559
4508
16
0.017336
1635
0
0.0024
1663
0
0.00239
2006
0
0.002786
1784
0
0.002603
2085
0
0.002815
2504
0
0.003411
1932
0
0.002939
1889
0
0.002648
