1.8326
19530921
9530921
10000000
17751
1100
0.034189
9297
0
0.017839
12389
0
0.023373
17313
0
0.032615
13212
0
0.024763
11980
0
0.022715
15085
0
0.033498
15857
0
0.032452
14823
0
0.033691
17770
0
0.033914
3155
1982
0.011489
2917
0
0.004754
3252
0
0.005225
3274
0
0.00517
3296
0
0.005634
2824
0
0.015605
2955
0
0.022355
2809
0
0.007496
2896
0
0.004733
3592
0
0.007324
18166
138
0.048829
10342
0
0.04209
12468
0
0.031048
17691
0
0.046785
13587
0
0.048578
12271
0
0.01928
15570
0
0.029673
16486
0
0.025417
15214
0
0.032356
17985
0
0.0347
25054
0
0.054983
18217
221
0.029824
20887
0
0.033438
29732
0
0.051646
21815
0
0.039977
21584
0
0.038877
27428
0
0.043798
28407
0
0.052968
27050
0
0.044019
27659
0
0.043746
62532
0
0.120719
48738
247
0.075225
60018
0
0.094449
71667
0
0.124541
63498
0
0.113428
55870
0
0.089904
66212
0
0.107168
68062
0
0.111051
66547
0
0.122765
63903
0
0.099463
49626
0
0.091792
30762
415
0.050485
35148
0
0.06213
49203
0
0.091462
45194
0
0.074615
36950
0
0.058553
47638
0
0.085243
43988
0
0.076762
48941
0
0.081438
40688
0
0.067158
102912
0
0.186659
86488
790
0.185998
93038
0
0.229421
111680
0
0.223937
104076
0
0.173432
94875
0
0.152453
108799
0
0.202044
106013
0
0.177927
110756
0
0.182003
96731
0
0.162661
2178
0
0.004406
2054
529
0.003707
2300
0
0.004091
2151
0
0.003922
1857
0
0.003207
1837
0
0.003242
2796
0
0.004854
2418
0
0.006856
2196
0
0.004278
1756
0
0.004093
12288
0
0.024104
11766
569
0.021817
12349
0
0.02494
16966
0
0.032232
11853
0
0.033057
11787
0
0.027168
13139
0
0.029748
14449
0
0.032634
12148
0
0.027608
16473
0
0.038234
53357
0
0.097173
35777
151
0.057395
41819
0
0.067281
52305
0
0.085544
46679
0
0.077242
42198
0
0.071536
54812
0
0.097304
55001
0
0.088814
53274
0
0.10713
48529
0
0.080129
