1.0527
18957039
8957039
10000000
390
99
0.001124
547
0
0.001095
784
0
0.001211
251
0
0.000755
405
0
0.001127
409
0
0.000946
326
0
0.000892
371
0
0.000909
285
0
0.000798
552
0
0.001058
290
153
0.000825
523
0
0.000984
759
0
0.001334
237
0
0.000786
333
0
0.000828
340
0
0.000834
361
0
0.000843
389
0
0.000836
258
0
0.000705
379
0
0.000819
407
0
0.000886
589
0
0.001083
651
0
0.001045
145
0
0.000721
283
0
0.000762
329
0
0.000836
307
0
0.000836
332
0
0.000781
182
0
0.000642
510
0
0.000967
2313
0
0.002787
621
12
0.001035
1180
0
0.001578
2142
0
0.00248
1979
0
0.00228
1744
0
0.002125
1825
0
0.002176
1684
0
0.002009
1411
0
0.001763
988
0
0.001358
2405
0
0.002738
1670
15
0.002494
2406
0
0.002745
2320
0
0.003597
2624
0
0.003092
1808
0
0.002174
2481
0
0.002921
2861
0
0.003264
2747
0
0.003113
1978
0
0.002306
3192
0
0.003536
3133
8
0.003355
1188
0
0.001594
2132
0
0.002394
2386
0
0.002646
2097
0
0.002385
2254
0
0.002605
2691
0
0.003085
1557
0
0.002008
1890
0
0.002247
4669
0
0.005235
1605
4
0.00212
2703
0
0.003242
4312
0
0.004702
3898
0
0.00434
3255
0
0.003652
4057
0
0.004461
3698
0
0.004179
3667
0
0.004042
2589
0
0.003011
141
0
0.000791
152
30
0.000708
169
0
0.000736
153
0
0.000657
84
0
0.000592
99
0
0.000583
177
0
0.000652
128
0
0.000644
148
0
0.000656
115
0
0.000637
423
0
0.000949
708
24
0.00119
855
0
0.001276
455
0
0.000895
673
0
0.001136
592
0
0.001065
521
0
0.000954
542
0
0.000982
374
0
0.00083
631
0
0.001073
2476
0
0.002884
4508
2
0.004765
1635
0
0.002046
1663
0
0.002043
2006
0
0.002376
1784
0
0.002229
2085
0
0.002548
2504
0
0.002885
1932
0
0.002706
1889
0
0.002274
