1.99254
19474933
9474933
10000000
2050
654
0.006339
2301
0
0.003817
1448
0
0.002171
1121
0
0.001772
1166
0
0.007752
1213
0
0.015851
1025
0
0.007426
1321
0
0.01182
940
0
0.003517
2091
197
0.003731
1052
1021
0.002668
1256
0
0.002318
1379
45
0.002415
1151
1066
0.002157
1052
378
0.001924
1281
791
0.002498
1062
754
0.002301
963
696
0.001891
931
718
0.00171
1194
791
0.002102
2640
467
0.004913
3291
0
0.005099
1684
0
0.002738
1533
0
0.002444
1505
0
0.002612
1435
0
0.002644
1407
0
0.002357
1901
0
0.00307
1273
0
0.002107
2478
253
0.003841
9363
0
0.017133
5900
146
0.009072
7249
0
0.010948
10354
0
0.016993
8322
0
0.012372
7256
0
0.011123
10898
0
0.019109
8850
0
0.020217
10474
0
0.022009
9079
0
0.013396
18486
0
0.032283
9125
199
0.015535
12986
0
0.02031
15153
0
0.025254
13681
0
0.021301
10151
0
0.016163
16928
0
0.024954
16523
0
0.024111
16226
0
0.024718
13700
0
0.026706
25661
0
0.056171
18776
411
0.029296
17337
0
0.036112
23410
0
0.051024
24236
0
0.047274
17601
0
0.058868
23841
0
0.038561
20940
0
0.035301
24961
0
0.045538
19480
0
0.039957
25105
0
0.041313
17279
424
0.025455
19111
0
0.028955
25465
0
0.042774
25040
0
0.045054
17760
0
0.027056
24874
0
0.044862
22452
0
0.038472
26187
0
0.049529
20924
0
0.043572
800
0
0.009159
935
678
0.002521
973
0
0.002421
911
0
0.002122
785
0
0.002155
737
0
0.001804
1044
78
0.002435
772
0
0.001979
1118
366
0.003116
746
97
0.004436
2333
0
0.011116
3287
466
0.010203
2869
0
0.012171
2999
0
0.006717
2567
0
0.00866
2685
0
0.005256
2489
0
0.004619
2712
0
0.013762
2097
0
0.008105
2470
0
0.006752
22506
0
0.035989
15320
121
0.031803
18480
0
0.029465
20656
0
0.045685
19598
0
0.049918
14950
0
0.022561
23992
0
0.059985
21801
0
0.038625
22006
0
0.045951
19877
0
0.033106
