2.13147
19530921
9530921
10000000
17751
746
0.030481
9297
0
0.014194
12389
0
0.021875
17313
0
0.040078
13212
0
0.020924
11980
0
0.018113
15085
0
0.021658
15857
0
0.026899
14823
0
0.02137
17770
0
0.032251
3155
1042
0.005741
2917
0
0.004494
3252
0
0.005401
3274
0
0.005656
3296
0
0.005455
2824
0
0.004789
2955
0
0.004915
2809
0
0.00463
2896
0
0.004866
3592
0
0.006129
18166
18
0.030274
10342
0
0.016032
12468
0
0.020241
17691
0
0.032627
13587
0
0.029742
12271
0
0.018281
15570
0
0.022559
16486
0
0.02375
15214
0
0.021754
17985
0
0.031697
25054
0
0.088808
18217
110
0.030138
20887
0
0.036496
29732
0
0.051967
21815
0
0.033181
21584
0
0.046043
27428
0
0.065567
28407
0
0.078061
27050
0
0.061586
27659
0
0.049377
62532
0
0.153227
48738
158
0.091678
60018
0
0.104407
71667
0
0.144914
63498
0
0.101338
55870
0
0.107747
66212
0
0.109499
68062
0
0.106011
66547
0
0.10543
63903
0
0.105024
49626
0
0.097648
30762
236
0.05119
35148
0
0.055141
49203
0
0.079451
45194
0
0.083421
36950
0
0.059555
47638
0
0.078461
43988
0
0.070929
48941
0
0.080384
40688
0
0.064736
102912
0
0.187867
86488
466
0.138913
93038
0
0.152068
111680
0
0.208498
104076
0
0.168125
94875
0
0.161659
108799
0
0.190641
106013
0
0.195947
110756
0
0.193396
96731
0
0.160696
2178
0
0.004086
2054
426
0.00378
2300
0
0.003919
2151
0
0.003621
1857
0
0.00311
1837
0
0.004837
2796
0
0.005812
2418
0
0.006011
2196
0
0.003943
1756
0
0.002912
12288
0
0.022449
11766
388
0.018812
12349
0
0.021072
16966
0
0.028243
11853
0
0.019229
11787
0
0.018931
13139
0
0.024787
14449
0
0.022589
12148
0
0.031535
16473
0
0.040715
53357
0
0.135512
35777
85
0.079587
41819
0
0.099472
52305
0
0.118149
46679
0
0.117511
42198
0
0.096303
54812
0
0.135715
55001
0
0.109597
53274
0
0.091535
48529
0
0.087814
