1.96021
19330030
9330030
10000000
691
249
0.002618
709
0
0.00173
902
0
0.005207
371
0
0.001016
511
0
0.001039
591
0
0.00113
432
0
0.000965
481
0
0.000992
414
0
0.000958
792
215
0.001694
566
587
0.003269
918
0
0.005678
1084
20
0.002353
528
505
0.001386
663
144
0.001478
640
372
0.001268
703
213
0.001543
637
258
0.00142
574
468
0.001359
717
430
0.001341
708
174
0.001342
689
0
0.001459
760
0
0.00131
227
0
0.000681
377
0
0.000856
475
0
0.001004
353
0
0.000819
406
0
0.00083
279
0
0.0007
761
25
0.003458
5634
0
0.020096
2911
75
0.006352
4274
0
0.008824
6406
0
0.010827
4902
0
0.010702
4216
0
0.006076
5592
0
0.008375
5583
0
0.008537
5048
0
0.007552
6272
0
0.008947
5236
0
0.008216
3374
65
0.005261
4976
0
0.007349
6002
0
0.008987
4856
0
0.00689
3695
0
0.005544
5617
0
0.007955
6236
0
0.009068
5969
0
0.008599
6671
0
0.009494
19193
0
0.032688
14881
215
0.021336
13904
0
0.019941
18047
0
0.026343
19367
0
0.033004
12997
0
0.024873
16607
0
0.033523
16677
0
0.031
17824
0
0.033734
16007
0
0.03408
19904
0
0.041241
12704
250
0.022372
14794
0
0.024309
19586
0
0.029385
20226
0
0.031034
13572
0
0.067382
17717
0
0.028898
16943
0
0.030261
19248
0
0.030072
16363
0
0.024349
238
21
0.001592
285
201
0.000835
277
78
0.000895
261
54
0.000747
176
29
0.000617
191
0
0.000611
368
50
0.000862
253
72
0.000722
269
198
0.002253
213
34
0.000762
793
0
0.003213
957
177
0.002164
1104
0
0.002536
738
0
0.001595
924
0
0.001738
952
0
0.001584
841
0
0.001415
810
0
0.001281
702
0
0.001274
855
8
0.001493
15043
0
0.03094
10732
78
0.0155
11189
0
0.015942
13108
0
0.020545
12459
0
0.017978
8805
0
0.012487
15485
0
0.02568
14333
0
0.058511
14273
0
0.03848
14022
0
0.023181
