1.1054
19330030
9330030
10000000
691
1979
0.000936
709
0
0.000613
902
0
0.000788
371
0
0.000321
511
0
0.000438
591
0
0.000512
432
0
0.00036
481
0
0.000409
414
0
0.00035
792
2567
0.000891
566
3940
0.000733
918
0
0.000834
1084
67
0.001014
528
4987
0.000706
663
569
0.000661
640
3182
0.000759
703
3018
0.000767
637
1903
0.000662
574
4142
0.000727
717
4929
0.001001
708
779
0.000704
689
0
0.000577
760
0
0.000637
227
0
0.000182
377
0
0.000323
475
0
0.000409
353
0
0.000298
406
0
0.000329
279
0
0.00023
761
50
0.000711
5634
0
0.006153
2911
594
0.002877
4274
0
0.004202
6406
0
0.006503
4902
0
0.004911
4216
0
0.004131
5592
0
0.005621
5583
0
0.005574
5048
0
0.005005
6272
0
0.006179
5236
0
0.005089
3374
361
0.003275
4976
0
0.004776
6002
0
0.005854
4856
0
0.004675
3695
0
0.003501
5617
0
0.005405
6236
0
0.006067
5969
0
0.005772
6671
0
0.006472
19193
0
0.022367
14881
1760
0.015081
13904
0
0.014049
18047
0
0.019863
19367
0
0.021535
12997
0
0.013751
16607
0
0.017267
16677
0
0.016797
17824
0
0.01861
16007
0
0.016201
19904
0
0.021603
12704
1971
0.013061
14794
0
0.015571
19586
0
0.020638
20226
0
0.022252
13572
0
0.014007
17717
0
0.018541
16943
0
0.017657
19248
0
0.020246
16363
0
0.016813
238
142
0.000245
285
2075
0.000351
277
512
0.000252
261
246
0.000268
176
79
0.000143
191
0
0.000152
368
528
0.000356
253
618
0.000246
269
1867
0.000305
213
204
0.000184
793
0
0.000739
957
1211
0.00094
1104
0
0.001033
738
0
0.00071
924
0
0.000858
952
0
0.000876
841
0
0.000768
810
0
0.000738
702
0
0.000635
855
16
0.000839
15043
0
0.016251
10732
476
0.010719
11189
0
0.011218
13108
0
0.013232
12459
0
0.012663
8805
0
0.00895
15485
0
0.016528
14333
0
0.01477
14273
0
0.014932
14022
0
0.014229
