1.74395
19330030
9330030
10000000
691
18
0.001067
709
0
0.000808
902
0
0.001044
371
0
0.000397
511
0
0.000559
591
0
0.000651
432
0
0.000461
481
0
0.000532
414
0
0.000449
792
0
0.00095
566
13
0.000706
918
0
0.001112
1084
0
0.001281
528
0
0.000623
663
0
0.000794
640
0
0.00076
703
0
0.000845
637
0
0.000735
574
0
0.000671
717
0
0.000873
708
0
0.000836
689
0
0.000736
760
0
0.000813
227
0
0.000227
377
0
0.000955
475
0
0.00054
353
0
0.000383
406
0
0.000427
279
0
0.000287
761
0
0.000919
5634
0
0.008394
2911
7
0.003661
4274
0
0.005453
6406
0
0.008751
4902
0
0.006442
4216
0
0.005361
5592
0
0.007361
5583
0
0.007938
5048
0
0.006626
6272
0
0.008254
5236
0
0.007047
3374
4
0.004145
4976
0
0.006212
6002
0
0.007679
4856
0
0.006095
3695
0
0.004552
5617
0
0.007175
6236
0
0.008119
5969
0
0.007586
6671
0
0.016821
19193
0
0.030499
14881
8
0.020121
13904
0
0.019512
18047
0
0.025631
19367
0
0.029527
12997
0
0.01831
16607
0
0.023206
16677
0
0.022561
17824
0
0.024378
16007
0
0.021809
19904
0
0.029081
12704
3
0.017401
14794
0
0.020503
19586
0
0.028214
20226
0
0.029792
13572
0
0.018838
17717
0
0.027334
16943
0
0.024812
19248
0
0.027184
16363
0
0.023006
238
0
0.000276
285
15
0.000346
277
0
0.000289
261
0
0.00027
176
0
0.000179
191
0
0.000188
368
0
0.000419
253
0
0.000268
269
0
0.000282
213
0
0.000215
793
0
0.000984
957
6
0.001135
1104
0
0.001303
738
0
0.000872
924
0
0.001098
952
0
0.001103
841
0
0.000977
810
0
0.000935
702
0
0.000842
855
0
0.001014
15043
0
0.022536
10732
3
0.014555
11189
0
0.015117
13108
0
0.018082
12459
0
0.024278
8805
0
0.023393
15485
0
0.030884
14333
0
0.027277
14273
0
0.030508
14022
0
0.026938
