1.19318
19530921
9530921
10000000
17751
258
0.021662
9297
0
0.010529
12389
0
0.014264
17313
0
0.01874
13212
0
0.014557
11980
0
0.015237
15085
0
0.016559
15857
0
0.016724
14823
0
0.016103
17770
0
0.02115
3155
12
0.00421
2917
0
0.00358
3252
0
0.004119
3274
0
0.004331
3296
0
0.004345
2824
0
0.003731
2955
0
0.003875
2809
0
0.003702
2896
0
0.00405
3592
0
0.005636
18166
0
0.023644
10342
0
0.013002
12468
0
0.013568
17691
0
0.019056
13587
0
0.014685
12271
0
0.013344
15570
0
0.016596
16486
0
0.01736
15214
0
0.018391
17985
0
0.020242
25054
0
0.033361
18217
18
0.021116
20887
0
0.024772
29732
0
0.040249
21815
0
0.027644
21584
0
0.027635
27428
0
0.032381
28407
0
0.033093
27050
0
0.032021
27659
0
0.042494
62532
0
0.079632
48738
13
0.056796
60018
0
0.069067
71667
0
0.096532
63498
0
0.073526
55870
0
0.064475
66212
0
0.083846
68062
0
0.079016
66547
0
0.077771
63903
0
0.074243
49626
0
0.067727
30762
7
0.035456
35148
0
0.041267
49203
0
0.060407
45194
0
0.054034
36950
0
0.051893
47638
0
0.06062
43988
0
0.052505
48941
0
0.059187
40688
0
0.050108
102912
0
0.134173
86488
18
0.103581
93038
0
0.110594
111680
0
0.145396
104076
0
0.128888
94875
0
0.116486
108799
0
0.141638
106013
0
0.128447
110756
0
0.138743
96731
0
0.120936
2178
0
0.003255
2054
36
0.002866
2300
0
0.003066
2151
0
0.004121
1857
0
0.002597
1837
0
0.002541
2796
0
0.003745
2418
0
0.003235
2196
0
0.002917
1756
0
0.002421
12288
0
0.015806
11766
18
0.014924
12349
0
0.015442
16966
0
0.020951
11853
0
0.014587
11787
0
0.014161
13139
0
0.023379
14449
0
0.016878
12148
0
0.014413
16473
0
0.019265
53357
0
0.071692
35777
0
0.041717
41819
0
0.054009
52305
0
0.0634
46679
0
0.055643
42198
0
0.050881
54812
0
0.07493
55001
0
0.067869
53274
0
0.06536
48529
0
0.056963
