1.04602
18957039
8957039
10000000
390
459
0.001018
547
0
0.000953
784
0
0.001118
251
0
0.000649
405
0
0.000783
409
0
0.000775
326
0
0.000757
371
0
0.000837
285
0
0.000766
552
8
0.000987
290
1025
0.000799
523
0
0.001164
759
0
0.001248
237
0
0.000743
333
0
0.000818
340
195
0.000811
361
295
0.000872
389
0
0.000836
258
0
0.000685
379
0
0.000812
407
1
0.000848
589
0
0.001094
651
0
0.001027
145
0
0.000618
283
0
0.00071
329
0
0.000733
307
0
0.000718
332
0
0.000782
182
0
0.000638
510
0
0.000933
2313
0
0.002833
621
150
0.001046
1180
0
0.001512
2142
0
0.002458
1979
0
0.002247
1744
0
0.002028
1825
0
0.002131
1684
0
0.001969
1411
0
0.001765
988
0
0.001326
2405
0
0.002745
1670
88
0.002012
2406
0
0.002809
2320
0
0.002627
2624
0
0.002917
1808
0
0.002113
2481
0
0.002875
2861
0
0.003179
2747
0
0.003017
1978
0
0.002319
3192
0
0.003574
3133
75
0.003317
1188
0
0.001522
2132
0
0.002372
2386
0
0.002636
2097
0
0.002376
2254
0
0.002538
2691
0
0.002928
1557
0
0.001898
1890
0
0.002192
4669
0
0.005105
1605
102
0.001952
2703
0
0.003037
4312
0
0.004654
3898
0
0.004228
3255
0
0.003571
4057
0
0.004415
3698
0
0.00404
3667
0
0.004059
2589
0
0.002913
141
0
0.000571
152
379
0.000616
169
0
0.000589
153
0
0.000565
84
0
0.000504
99
0
0.000525
177
0
0.000632
128
0
0.000578
148
0
0.00057
115
0
0.000522
423
0
0.000833
708
382
0.001115
855
0
0.001197
455
0
0.000854
673
0
0.001064
592
0
0.000989
521
0
0.000934
542
0
0.000937
374
0
0.000785
631
0
0.001026
2476
0
0.002707
4508
38
0.004604
1635
0
0.001935
1663
0
0.001963
2006
0
0.002276
1784
0
0.002082
2085
0
0.003307
2504
0
0.002894
1932
0
0.002221
1889
0
0.002166
