1.63902
18957039
8957039
10000000
390
64
0.001496
547
0
0.001296
784
0
0.001343
251
0
0.000687
405
0
0.000932
409
0
0.000881
326
0
0.000782
371
0
0.000857
285
0
0.000767
552
2
0.00137
290
218
0.001102
523
0
0.001016
759
0
0.00128
237
0
0.00078
333
0
0.000852
340
39
0.000804
361
59
0.000896
389
0
0.000865
258
0
0.000773
379
0
0.00091
407
1
0.001232
589
0
0.001572
651
0
0.00115
145
0
0.000582
283
0
0.000874
329
0
0.000792
307
0
0.000753
332
0
0.000764
182
0
0.000589
510
0
0.001007
2313
0
0.003703
621
37
0.00117
1180
0
0.001862
2142
0
0.003044
1979
0
0.00271
1744
0
0.00245
1825
0
0.002543
1684
0
0.00237
1411
0
0.002062
988
0
0.001512
2405
0
0.003597
1670
24
0.002403
2406
0
0.003348
2320
0
0.003233
2624
0
0.003592
1808
0
0.002535
2481
0
0.003465
2861
0
0.003994
2747
0
0.004042
1978
0
0.002696
3192
0
0.004462
3133
13
0.005242
1188
0
0.001768
2132
0
0.002967
2386
0
0.003332
2097
0
0.002961
2254
0
0.003335
2691
0
0.00357
1557
0
0.002229
1890
0
0.00256
4669
0
0.006846
1605
20
0.002368
2703
0
0.003867
4312
0
0.006311
3898
0
0.005751
3255
0
0.004666
4057
0
0.005823
3698
0
0.005415
3667
0
0.005377
2589
0
0.010419
141
0
0.000697
152
82
0.000672
169
0
0.00068
153
0
0.00069
84
0
0.000614
99
0
0.00061
177
0
0.000683
128
0
0.000645
148
0
0.000694
115
0
0.000553
423
0
0.004863
708
95
0.001446
855
0
0.00149
455
0
0.001042
673
0
0.001317
592
0
0.001212
521
0
0.001009
542
0
0.001068
374
0
0.000828
631
0
0.001175
2476
0
0.003798
4508
12
0.006487
1635
0
0.002287
1663
0
0.002536
2006
0
0.00558
1784
0
0.002602
2085
0
0.002877
2504
0
0.003424
1932
0
0.008075
1889
0
0.002786
