1.17184
19530921
9530921
10000000
17751
11335
0.024954
9297
0
0.011429
12389
0
0.014524
17313
0
0.020497
13212
0
0.015066
11980
0
0.013097
15085
0
0.016052
15857
0
0.016563
14823
0
0.017582
17770
0
0.020687
3155
10915
0.005245
2917
0
0.003761
3252
0
0.004123
3274
0
0.004342
3296
0
0.004302
2824
0
0.003898
2955
0
0.004082
2809
0
0.003819
2896
0
0.003873
3592
0
0.004811
18166
693
0.023541
10342
0
0.01155
12468
0
0.013737
17691
0
0.019257
13587
0
0.015806
12271
0
0.013472
15570
0
0.016709
16486
0
0.018413
15214
0
0.017559
17985
0
0.021059
25054
0
0.033035
18217
2370
0.022308
20887
0
0.025041
29732
0
0.041196
21815
0
0.026497
21584
0
0.025776
27428
0
0.03201
28407
0
0.035089
27050
0
0.033921
27659
0
0.04572
62532
0
0.085531
48738
2370
0.066907
60018
0
0.07583
71667
0
0.098
63498
0
0.07733
55870
0
0.066731
66212
0
0.079129
68062
0
0.088685
66547
0
0.0787
63903
0
0.077938
49626
0
0.066215
30762
5804
0.038726
35148
0
0.045493
49203
0
0.061075
45194
0
0.05565
36950
0
0.046994
47638
0
0.066817
43988
0
0.054265
48941
0
0.064145
40688
0
0.049962
102912
0
0.13569
86488
11298
0.107299
93038
0
0.127399
111680
0
0.150577
104076
0
0.131405
94875
0
0.118527
108799
0
0.150286
106013
0
0.137663
110756
0
0.141256
96731
0
0.121206
2178
0
0.003354
2054
11480
0.0033
2300
0
0.003173
2151
0
0.003016
1857
0
0.002676
1837
0
0.002842
2796
0
0.003942
2418
0
0.003841
2196
0
0.00377
1756
0
0.002578
12288
0
0.017109
11766
11856
0.014547
12349
0
0.01592
16966
0
0.020356
11853
0
0.015484
11787
0
0.014317
13139
0
0.015796
14449
0
0.017206
12148
0
0.014805
16473
0
0.02017
53357
0
0.079557
35777
1129
0.043355
41819
0
0.053115
52305
0
0.062043
46679
0
0.056344
42198
0
0.053489
54812
0
0.071947
55001
0
0.067896
53274
0
0.065178
48529
0
0.057047
