2.34482
19560202
9560202
10000000
34511
1512
0.08311
20740
0
0.034046
23993
0
0.04883
29207
0
0.072675
22986
0
0.052998
23730
0
0.082071
26833
0
0.067924
26859
0
0.048798
25962
0
0.040456
35567
0
0.103564
9800
3896
0.01733
5634
0
0.009138
5224
0
0.008073
5587
0
0.008979
5504
0
0.009523
5542
0
0.008937
5441
0
0.008538
4857
0
0.007499
5209
0
0.009204
9747
0
0.015287
35765
0
0.068105
23780
0
0.056324
25294
0
0.047956
30314
0
0.061714
24245
0
0.051015
24204
0
0.040728
27749
0
0.044644
28889
0
0.055703
26764
0
0.048838
37267
0
0.081758
46188
0
0.111905
35453
72
0.071725
36940
0
0.10241
46545
0
0.092315
38392
0
0.077505
36561
0
0.071786
43779
0
0.084685
46834
0
0.126512
44254
0
0.082955
47607
0
0.12731
123351
0
0.278208
108059
176
0.23178
123191
0
0.23481
133784
0
0.273896
128235
0
0.297761
114439
0
0.233222
126228
0
0.266782
126439
0
0.262054
129554
0
0.271575
121429
0
0.231239
80160
0
0.178758
54416
142
0.136757
56640
0
0.112856
73155
0
0.169672
67756
0
0.122823
58540
0
0.121029
70841
0
0.161302
67492
0
0.13359
72757
0
0.174052
70117
0
0.144309
130745
0
0.291221
112359
244
0.25413
120013
0
0.227366
141148
0
0.307069
131198
0
0.278575
120094
0
0.242092
137032
0
0.290911
131854
0
0.262415
139891
0
0.279379
126335
0
0.246087
7413
0
0.013303
7113
1183
0.011223
7997
0
0.012834
7242
0
0.011333
7188
0
0.010764
7654
0
0.011625
8595
0
0.013501
7482
0
0.01148
7715
0
0.012074
7431
0
0.011355
27977
0
0.060142
22924
390
0.037741
24308
0
0.040846
29347
0
0.055498
23648
0
0.041368
23463
0
0.040097
25391
0
0.04315
26335
0
0.043854
24405
0
0.07872
32457
0
0.057126
106296
0
0.222103
85929
39
0.161586
92058
0
0.168657
107970
0
0.208881
98520
0
0.180857
93715
0
0.164771
109584
0
0.196824
108777
0
0.194469
106640
0
0.193035
107082
0
0.196374
