1.12149
19330030
9330030
10000000
691
1263
0.001466
709
0
0.001236
902
0
0.001497
371
0
0.000788
511
0
0.001003
591
0
0.0011
432
0
0.000865
481
0
0.000883
414
0
0.000875
792
2
0.001258
566
1021
0.001122
918
0
0.00135
1084
0
0.001553
528
0
0.00097
663
0
0.001072
640
0
0.001062
703
0
0.00111
637
0
0.001024
574
0
0.000974
717
0
0.001237
708
92
0.001125
689
0
0.001148
760
0
0.001134
227
0
0.000676
377
0
0.000829
475
0
0.000988
353
0
0.000753
406
0
0.000799
279
0
0.000696
761
0
0.00116
5634
0
0.011339
2911
387
0.003737
4274
0
0.004876
6406
0
0.007583
4902
0
0.005526
4216
0
0.004712
5592
0
0.006193
5583
0
0.006153
5048
0
0.005596
6272
0
0.006743
5236
0
0.005713
3374
136
0.003762
4976
0
0.005349
6002
0
0.006739
4856
0
0.005387
3695
0
0.004152
5617
0
0.006255
6236
0
0.009253
5969
0
0.006517
6671
0
0.007062
19193
0
0.028317
14881
538
0.015706
13904
0
0.014709
18047
0
0.019492
19367
0
0.022255
12997
0
0.014546
16607
0
0.017856
16677
0
0.022837
17824
0
0.023395
16007
0
0.018666
19904
0
0.023885
12704
952
0.013429
14794
0
0.01577
19586
0
0.021069
20226
0
0.022854
13572
0
0.01581
17717
0
0.024097
16943
0
0.019415
19248
0
0.021082
16363
0
0.017322
238
0
0.000707
285
714
0.000769
277
0
0.000687
261
0
0.000668
176
0
0.000581
191
0
0.000712
368
0
0.000781
253
0
0.000693
269
0
0.000705
213
0
0.000644
793
0
0.001226
957
670
0.001385
1104
0
0.001492
738
0
0.001141
924
0
0.001326
952
0
0.001331
841
0
0.001213
810
0
0.001202
702
0
0.001084
855
0
0.00126
15043
0
0.017002
10732
162
0.011324
11189
0
0.016269
13108
0
0.014148
12459
0
0.017714
8805
0
0.010846
15485
0
0.017258
14333
0
0.015078
14273
0
0.015163
14022
0
0.014805
