1.22089
19560202
9560202
10000000
34511
83859
0.049078
20740
0
0.024276
23993
0
0.027649
29207
0
0.033398
22986
0
0.026191
23730
0
0.027418
26833
0
0.030438
26859
0
0.030474
25962
0
0.029284
35567
0
0.04526
9800
77497
0.014894
5634
0
0.006553
5224
0
0.006293
5587
505882
0.023473
5504
8391
0.007092
5542
1149
0.006858
5441
8595
0.007042
4857
98737
0.008644
5209
2800
0.006699
9747
40641
0.013418
35765
34852
0.047549
23780
0
0.027369
25294
0
0.028848
30314
0
0.034193
24245
0
0.027223
24204
0
0.037483
27749
0
0.031874
28889
0
0.032407
26764
0
0.030103
37267
793293
0.080119
46188
0
0.062501
35453
11717
0.045311
36940
0
0.047656
46545
0
0.066675
38392
0
0.053809
36561
0
0.058653
43779
0
0.057555
46834
0
0.063219
44254
0
0.057689
47607
0
0.060369
123351
0
0.179188
108059
18600
0.140187
123191
0
0.162336
133784
0
0.187798
128235
0
0.179867
114439
0
0.151108
126228
0
0.168029
126439
0
0.178037
129554
0
0.172499
121429
0
0.162727
80160
0
0.124441
54416
18397
0.07008
56640
0
0.072496
73155
0
0.099641
67756
0
0.088315
58540
0
0.076236
70841
0
0.104184
67492
0
0.087025
72757
0
0.096429
70117
0
0.090618
130745
0
0.190494
112359
44003
0.149731
120013
0
0.165125
141148
0
0.205514
131198
0
0.17875
120094
0
0.162522
137032
0
0.195596
131854
0
0.171972
139891
0
0.190145
126335
0
0.184034
7413
0
0.009155
7113
332192
0.019239
7997
0
0.010015
7242
0
0.00876
7188
3308
0.008397
7654
3134
0.009415
8595
46856
0.011742
7482
0
0.009149
7715
17105
0.010418
7431
0
0.00852
27977
0
0.039059
22924
82942
0.033085
24308
0
0.031188
29347
0
0.040685
23648
0
0.030048
23463
0
0.030125
25391
0
0.032222
26335
0
0.032958
24405
0
0.031208
32457
0
0.040572
106296
0
0.166423
85929
8868
0.122298
92058
0
0.126593
107970
0
0.173623
98520
0
0.137447
93715
0
0.12875
109584
0
0.161034
108777
0
0.150232
106640
0
0.150523
107082
0
0.150725
