1.86571
19330030
9330030
10000000
691
113
0.00272
709
0
0.001381
902
0
0.00158
371
0
0.00087
511
0
0.001075
591
0
0.001098
432
0
0.00089
481
0
0.000988
414
0
0.000863
792
0
0.001381
566
193
0.001254
918
0
0.005358
1084
0
0.002043
528
0
0.001077
663
0
0.001208
640
0
0.001165
703
0
0.001291
637
0
0.001189
574
0
0.001223
717
0
0.001315
708
2
0.001398
689
0
0.001196
760
0
0.001235
227
0
0.000608
377
0
0.001328
475
0
0.001511
353
0
0.001267
406
0
0.001335
279
0
0.001072
761
0
0.002344
5634
0
0.033049
2911
50
0.00452
4274
0
0.006572
6406
0
0.013147
4902
0
0.008625
4216
0
0.00596
5592
0
0.018974
5583
0
0.007739
5048
0
0.007049
6272
0
0.018316
5236
0
0.016245
3374
21
0.007921
4976
0
0.009086
6002
0
0.01121
4856
0
0.008755
3695
0
0.006786
5617
0
0.010026
6236
0
0.012019
5969
0
0.008379
6671
0
0.009618
19193
0
0.042111
14881
51
0.024401
13904
0
0.019876
18047
0
0.025703
19367
0
0.031306
12997
0
0.019621
16607
0
0.042941
16677
0
0.030817
17824
0
0.02779
16007
0
0.032524
19904
0
0.0385
12704
95
0.031871
14794
0
0.03646
19586
0
0.06919
20226
0
0.036117
13572
0
0.024376
17717
0
0.026167
16943
0
0.02448
19248
0
0.053977
16363
0
0.034076
238
0
0.000996
285
56
0.000963
277
0
0.000818
261
0
0.000761
176
0
0.000579
191
0
0.000596
368
0
0.000793
253
0
0.000695
269
0
0.000658
213
0
0.000639
793
0
0.001837
957
63
0.001549
1104
0
0.00176
738
0
0.001282
924
0
0.001503
952
0
0.001695
841
0
0.00138
810
0
0.001537
702
0
0.005758
855
0
0.007186
15043
0
0.028216
10732
25
0.015333
11189
0
0.018195
13108
0
0.026539
12459
0
0.041394
8805
0
0.019606
15485
0
0.028098
14333
0
0.026801
14273
0
0.030783
14022
0
0.03517
