1.92018
19330030
9330030
10000000
691
54
0.00686
709
0
0.001247
902
0
0.001682
371
0
0.000809
511
0
0.001019
591
0
0.001102
432
0
0.000834
481
0
0.000898
414
0
0.000849
792
0
0.001388
566
100
0.005972
918
0
0.001555
1084
0
0.009916
528
0
0.001763
663
0
0.001439
640
0
0.001245
703
0
0.001284
637
0
0.001181
574
0
0.001118
717
0
0.001279
708
0
0.00127
689
0
0.001118
760
0
0.001431
227
0
0.000603
377
0
0.000887
475
0
0.000994
353
0
0.000801
406
0
0.000867
279
0
0.000711
761
0
0.001293
5634
0
0.017156
2911
23
0.014907
4274
0
0.025811
6406
0
0.023505
4902
0
0.008173
4216
0
0.006629
5592
0
0.008435
5583
0
0.007834
5048
0
0.010224
6272
0
0.009432
5236
0
0.007984
3374
14
0.004688
4976
0
0.006712
6002
0
0.010783
4856
0
0.006627
3695
0
0.005006
5617
0
0.007756
6236
0
0.008588
5969
0
0.00815
6671
0
0.009101
19193
0
0.035003
14881
24
0.020863
13904
0
0.023722
18047
0
0.027825
19367
0
0.042633
12997
0
0.026438
16607
0
0.027731
16677
0
0.026016
17824
0
0.026235
16007
0
0.022936
19904
0
0.030415
12704
53
0.018741
14794
0
0.044109
19586
0
0.033048
20226
0
0.031232
13572
0
0.019819
17717
0
0.026037
16943
0
0.024945
19248
0
0.030672
16363
0
0.024608
238
0
0.000804
285
44
0.000819
277
0
0.000717
261
0
0.00074
176
0
0.000648
191
0
0.000738
368
0
0.000861
253
0
0.000707
269
0
0.000702
213
0
0.000661
793
0
0.001734
957
40
0.001641
1104
0
0.002061
738
0
0.001318
924
0
0.001619
952
0
0.001578
841
0
0.009932
810
0
0.001426
702
0
0.001256
855
0
0.001436
15043
0
0.026144
10732
14
0.023928
11189
0
0.022853
13108
0
0.019965
12459
0
0.035045
8805
0
0.01384
15485
0
0.027795
14333
0
0.034545
14273
0
0.036946
14022
0
0.026397
