1.06837
18957039
8957039
10000000
390
137
0.000478
547
0
0.000496
784
0
0.000659
251
0
0.000193
405
0
0.000337
409
0
0.00034
326
0
0.000266
371
0
0.000309
285
0
0.000232
552
0
0.000482
290
352
0.000273
523
0
0.000441
759
0
0.000665
237
0
0.000196
333
0
0.000287
340
0
0.000289
361
0
0.000306
389
0
0.000343
258
0
0.000208
379
0
0.00033
407
0
0.000351
589
0
0.000488
651
0
0.000528
145
0
0.000111
283
0
0.000228
329
0
0.000275
307
0
0.000249
332
0
0.000265
182
0
0.000153
510
0
0.000446
2313
0
0.002178
621
44
0.000544
1180
0
0.001043
2142
0
0.001946
1979
0
0.001769
1744
0
0.001568
1825
0
0.001669
1684
0
0.001509
1411
0
0.001273
988
0
0.000859
2405
0
0.002199
1670
32
0.001513
2406
0
0.002212
2320
0
0.002098
2624
0
0.002408
1808
0
0.001638
2481
0
0.002256
2861
0
0.002678
2747
0
0.002514
1978
0
0.001786
3192
0
0.002971
3133
18
0.002807
1188
0
0.001098
2132
0
0.001893
2386
0
0.002151
2097
0
0.001896
2254
0
0.002063
2691
0
0.002409
1557
0
0.001407
1890
0
0.001693
4669
0
0.004628
1605
11
0.001478
2703
0
0.002551
4312
0
0.004121
3898
0
0.003726
3255
0
0.003079
4057
0
0.003922
3698
0
0.003569
3667
0
0.003509
2589
0
0.002444
141
0
0.000113
152
118
0.000129
169
0
0.000133
153
0
0.000115
84
0
6.2e-05
99
0
7.3e-05
177
0
0.000139
128
0
9.7e-05
148
0
0.00011
115
0
9.2e-05
423
0
0.000357
708
94
0.00063
855
0
0.000726
455
0
0.0004
673
0
0.000595
592
0
0.000528
521
0
0.000439
542
0
0.000474
374
0
0.000321
631
0
0.000553
2476
0
0.002225
4508
9
0.004112
1635
0
0.001465
1663
0
0.001481
2006
0
0.001785
1784
0
0.001607
2085
0
0.001865
2504
0
0.002266
1932
0
0.001739
1889
0
0.001664
