1.68258
19474933
9474933
10000000
2050
558
0.004295
2301
0
0.003703
1448
0
0.002368
1121
0
0.001788
1166
0
0.001831
1213
0
0.002282
1025
0
0.001986
1321
0
0.00245
940
0
0.001679
2091
0
0.003481
1052
835
0.011115
1256
0
0.004292
1379
0
0.00306
1151
126
0.002568
1052
0
0.001889
1281
0
0.002469
1062
0
0.00215
963
0
0.001799
931
16
0.001746
1194
0
0.002096
2640
244
0.005548
3291
0
0.007449
1684
0
0.002906
1533
0
0.002658
1505
0
0.002301
1435
0
0.002423
1407
0
0.002797
1901
0
0.003111
1273
0
0.00457
2478
0
0.003878
9363
0
0.024277
5900
129
0.011676
7249
0
0.011652
10354
0
0.023389
8322
0
0.018457
7256
0
0.010906
10898
0
0.01747
8850
0
0.013326
10474
0
0.060096
9079
0
0.014617
18486
0
0.046067
9125
124
0.020197
12986
0
0.020166
15153
0
0.022983
13681
0
0.029381
10151
0
0.020865
16928
0
0.029666
16523
0
0.029353
16226
0
0.026399
13700
0
0.020903
25661
0
0.048135
18776
234
0.027586
17337
0
0.023774
23410
0
0.054513
24236
0
0.066354
17601
0
0.033386
23841
0
0.037596
20940
0
0.034866
24961
0
0.039964
19480
0
0.030911
25105
0
0.102748
17279
280
0.040026
19111
0
0.033087
25465
0
0.043123
25040
0
0.042648
17760
0
0.026905
24874
0
0.042567
22452
0
0.034377
26187
0
0.039447
20924
0
0.049258
800
0
0.001853
935
322
0.001698
973
0
0.001766
911
0
0.004757
785
0
0.001507
737
0
0.001504
1044
0
0.001917
772
0
0.001422
1118
0
0.00189
746
0
0.001358
2333
0
0.00389
3287
318
0.005051
2869
0
0.004375
2999
0
0.00457
2567
0
0.003969
2685
0
0.004172
2489
0
0.003809
2712
0
0.008515
2097
0
0.00326
2470
0
0.003784
22506
0
0.040341
15320
87
0.025055
18480
0
0.043635
20656
0
0.043353
19598
0
0.055326
14950
0
0.04371
23992
0
0.053281
21801
0
0.036385
22006
0
0.035411
19877
0
0.036142
