1.10142
18957039
8957039
10000000
390
623
0.001008
547
0
0.000955
784
0
0.001132
251
0
0.000655
405
0
0.000775
409
0
0.000768
326
0
0.000718
371
0
0.000738
285
0
0.000666
552
476
0.00096
290
1172
0.000755
523
0
0.000914
759
276
0.001115
237
390
0.00066
333
69
0.000735
340
1931
0.000817
361
1640
0.000884
389
444
0.000871
258
610
0.000689
379
864
0.00081
407
32
0.000806
589
0
0.000928
651
0
0.001117
145
0
0.000551
283
0
0.000681
329
0
0.000723
307
0
0.000685
332
0
0.000705
182
0
0.000578
510
0
0.000889
2313
0
0.002667
621
215
0.001018
1180
0
0.001512
2142
0
0.002429
1979
0
0.002255
1744
0
0.002043
1825
0
0.002113
1684
0
0.001983
1411
0
0.001721
988
0
0.001335
2405
0
0.002701
1670
141
0.002785
2406
0
0.003848
2320
0
0.002566
2624
0
0.002883
1808
0
0.002073
2481
0
0.002936
2861
0
0.00343
2747
0
0.003181
1978
0
0.002382
3192
0
0.003529
3133
144
0.0033
1188
0
0.001519
2132
0
0.002365
2386
0
0.002624
2097
0
0.002518
2254
0
0.002974
2691
0
0.003078
1557
0
0.001891
1890
0
0.002209
4669
0
0.005139
1605
210
0.001954
2703
0
0.003018
4312
0
0.004616
3898
0
0.00425
3255
0
0.003698
4057
0
0.004686
3698
0
0.004527
3667
0
0.004094
2589
0
0.002944
141
7
0.000595
152
604
0.000635
169
20
0.000628
153
27
0.000592
84
8
0.000546
99
0
0.000533
177
0
0.000615
128
0
0.000587
148
16
0.000593
115
0
0.000555
423
0
0.000833
708
612
0.001163
855
0
0.001289
455
0
0.000838
673
64
0.001056
592
0
0.000965
521
0
0.000886
542
0
0.00092
374
0
0.000931
631
0
0.00099
2476
0
0.00273
4508
64
0.004625
1635
0
0.001901
1663
0
0.002374
2006
0
0.002543
1784
0
0.00211
2085
0
0.003208
2504
0
0.002746
1932
0
0.002208
1889
0
0.002132
