1.10505
19330030
9330030
10000000
691
830
0.000882
709
0
0.000625
902
0
0.000798
371
0
0.000315
511
0
0.000439
591
0
0.000508
432
0
0.000364
481
0
0.000409
414
0
0.000356
792
0
0.000745
566
688
0.000581
918
0
0.000832
1084
0
0.001028
528
0
0.000498
663
0
0.000622
640
0
0.000581
703
0
0.000665
637
0
0.000576
574
0
0.000537
717
0
0.000677
708
8
0.00065
689
0
0.000584
760
0
0.00064
227
0
0.000183
377
0
0.000324
475
0
0.000416
353
0
0.000298
406
0
0.000332
279
0
0.000225
761
0
0.000709
5634
0
0.005991
2911
286
0.002951
4274
0
0.004597
6406
0
0.006605
4902
0
0.004942
4216
0
0.004172
5592
0
0.005628
5583
0
0.005538
5048
0
0.005045
6272
0
0.006189
5236
0
0.005198
3374
90
0.003277
4976
0
0.004801
6002
0
0.005845
4856
0
0.004733
3695
0
0.003534
5617
0
0.005462
6236
0
0.006111
5969
0
0.005789
6671
0
0.006459
19193
0
0.022541
14881
358
0.015195
13904
0
0.01415
18047
0
0.01991
19367
0
0.021533
12997
0
0.013684
16607
0
0.017207
16677
0
0.016942
17824
0
0.018556
16007
0
0.016317
19904
0
0.021762
12704
472
0.013283
14794
0
0.015246
19586
0
0.020932
20226
0
0.021716
13572
0
0.014111
17717
0
0.018467
16943
0
0.017427
19248
0
0.019998
16363
0
0.01667
238
0
0.000205
285
381
0.000284
277
0
0.00023
261
0
0.000219
176
0
0.000137
191
0
0.000152
368
0
0.000326
253
0
0.000215
269
0
0.000225
213
0
0.000174
793
0
0.000748
957
371
0.00099
1104
0
0.001023
738
0
0.000685
924
0
0.000875
952
0
0.000879
841
0
0.000769
810
0
0.000739
702
0
0.000638
855
0
0.0008
15043
0
0.01642
10732
80
0.010769
11189
0
0.011354
13108
0
0.013462
12459
0
0.012598
8805
0
0.008928
15485
0
0.016193
14333
0
0.014731
14273
0
0.01444
14022
0
0.01423
