2.10015
19530921
9530921
10000000
17751
394
0.042572
9297
0
0.014349
12389
0
0.026945
17313
0
0.031755
13212
0
0.020848
11980
0
0.018537
15085
0
0.026614
15857
0
0.024611
14823
0
0.031675
17770
0
0.032791
3155
611
0.005462
2917
0
0.00491
3252
0
0.01073
3274
0
0.005578
3296
0
0.005368
2824
0
0.004491
2955
0
0.00493
2809
0
0.004451
2896
0
0.014757
3592
0
0.011889
18166
0
0.03244
10342
0
0.021024
12468
0
0.018572
17691
0
0.028541
13587
0
0.019899
12271
0
0.017932
15570
0
0.02309
16486
0
0.041275
15214
0
0.024237
17985
0
0.028742
25054
0
0.057841
18217
46
0.029504
20887
0
0.032983
29732
0
0.053506
21815
0
0.043123
21584
0
0.034135
27428
0
0.045851
28407
0
0.085795
27050
0
0.048429
27659
0
0.045272
62532
0
0.118547
48738
90
0.103715
60018
0
0.095187
71667
0
0.126067
63498
0
0.110533
55870
0
0.098332
66212
0
0.104982
68062
0
0.129113
66547
0
0.133986
63903
0
0.105394
49626
0
0.094466
30762
100
0.068454
35148
0
0.085191
49203
0
0.120978
45194
0
0.088569
36950
0
0.084448
47638
0
0.104191
43988
0
0.101361
48941
0
0.110836
40688
0
0.090429
102912
0
0.234333
86488
189
0.136004
93038
0
0.151865
111680
0
0.203599
104076
0
0.169462
94875
0
0.177988
108799
0
0.181691
106013
0
0.215918
110756
0
0.190982
96731
0
0.174637
2178
0
0.007768
2054
293
0.003616
2300
0
0.004054
2151
0
0.00379
1857
0
0.00303
1837
0
0.003349
2796
0
0.004693
2418
0
0.004186
2196
0
0.035329
1756
0
0.006567
12288
0
0.026382
11766
214
0.018354
12349
0
0.021083
16966
0
0.028495
11853
0
0.019563
11787
0
0.018901
13139
0
0.021175
14449
0
0.023191
12148
0
0.020178
16473
0
0.026119
53357
0
0.097032
35777
30
0.068324
41819
0
0.068022
52305
0
0.084524
46679
0
0.075446
42198
0
0.068441
54812
0
0.111246
55001
0
0.087215
53274
0
0.08761
48529
0
0.083103
