1.28845
19474933
9474933
10000000
2050
4360
0.003365
2301
0
0.002424
1448
0
0.001426
1121
0
0.001054
1166
0
0.001075
1213
0
0.001176
1025
0
0.000938
1321
0
0.001233
940
0
0.000882
2091
0
0.002091
1052
4354
0.00132
1256
0
0.001208
1379
0
0.001342
1151
1375
0.00125
1052
0
0.001137
1281
0
0.001987
1062
0
0.00112
963
0
0.000952
931
64
0.000945
1194
0
0.001284
2640
1098
0.00302
3291
0
0.003526
1684
0
0.001716
1533
0
0.001461
1505
0
0.001445
1435
0
0.001415
1407
0
0.001407
1901
0
0.001887
1273
0
0.001221
2478
0
0.002829
9363
0
0.011141
5900
1319
0.006431
7249
0
0.008177
10354
0
0.012089
8322
0
0.009549
7256
0
0.007931
10898
0
0.011971
8850
0
0.00993
10474
0
0.011388
9079
0
0.010015
18486
0
0.022711
9125
905
0.009629
12986
0
0.015159
15153
0
0.016107
13681
0
0.01475
10151
0
0.010933
16928
0
0.018161
16523
0
0.018107
16226
0
0.017398
13700
0
0.014356
25661
0
0.032212
18776
2272
0.020517
17337
0
0.018553
23410
0
0.026054
24236
0
0.026057
17601
0
0.018879
23841
0
0.027093
20940
0
0.022882
24961
0
0.029285
19480
0
0.02097
25105
0
0.028694
17279
2000
0.018323
19111
0
0.020796
25465
0
0.030969
25040
0
0.037932
17760
0
0.01932
24874
0
0.027631
22452
0
0.02443
26187
0
0.029662
20924
0
0.022707
800
0
0.00081
935
8655
0.001208
973
0
0.000935
911
0
0.000882
785
0
0.000826
737
0
0.000702
1044
0
0.001012
772
0
0.000745
1118
0
0.001128
746
0
0.000707
2333
0
0.002671
3287
4514
0.003702
2869
0
0.003053
2999
0
0.003169
2567
0
0.002732
2685
0
0.002849
2489
0
0.002633
2712
0
0.002809
2097
0
0.002175
2470
0
0.002627
22506
0
0.024957
15320
505
0.0161
18480
0
0.019722
20656
0
0.02285
19598
0
0.021044
14950
0
0.016593
23992
0
0.026525
21801
0
0.023146
22006
0
0.023747
19877
0
0.021344
