1.10933
19330030
9330030
10000000
691
108
0.001415
709
0
0.001108
902
0
0.001445
371
0
0.000757
511
0
0.000955
591
0
0.001002
432
0
0.000818
481
0
0.00093
414
0
0.000849
792
0
0.001215
566
117
0.001069
918
0
0.001304
1084
0
0.001466
528
0
0.000954
663
0
0.001068
640
0
0.001061
703
0
0.001131
637
0
0.001044
574
0
0.001169
717
0
0.001129
708
0
0.001134
689
0
0.001093
760
0
0.001105
227
0
0.000653
377
0
0.000809
475
0
0.000875
353
0
0.000771
406
0
0.000833
279
0
0.000684
761
0
0.001227
5634
0
0.006694
2911
21
0.003465
4274
0
0.004933
6406
0
0.007407
4902
0
0.005683
4216
0
0.004757
5592
0
0.006509
5583
0
0.006426
5048
0
0.005987
6272
0
0.006863
5236
0
0.005778
3374
12
0.003862
4976
0
0.005579
6002
0
0.00652
4856
0
0.005304
3695
0
0.004269
5617
0
0.0063
6236
0
0.006718
5969
0
0.006413
6671
0
0.007328
19193
0
0.02307
14881
48
0.016284
13904
0
0.015242
18047
0
0.020052
19367
0
0.02313
12997
0
0.014089
16607
0
0.01828
16677
0
0.017908
17824
0
0.019345
16007
0
0.016986
19904
0
0.022583
12704
6
0.013612
14794
0
0.016406
19586
0
0.021539
20226
0
0.022827
13572
0
0.015414
17717
0
0.019397
16943
0
0.018462
19248
0
0.021259
16363
0
0.018089
238
0
0.000695
285
39
0.000741
277
0
0.000691
261
0
0.00075
176
0
0.000615
191
0
0.000621
368
0
0.000784
253
0
0.000665
269
0
0.000695
213
0
0.000641
793
0
0.001237
957
12
0.001445
1104
0
0.001514
738
0
0.001227
924
0
0.001363
952
0
0.001485
841
0
0.001293
810
0
0.001217
702
0
0.001123
855
0
0.001273
15043
0
0.017439
10732
12
0.011664
11189
0
0.01231
13108
0
0.014532
12459
0
0.013481
8805
0
0.009766
15485
0
0.017148
14333
0
0.015804
14273
0
0.01531
14022
0
0.015002
