1.11388
19474933
9474933
10000000
2050
2361
0.002562
2301
0
0.002352
1448
0
0.001351
1121
0
0.001079
1166
0
0.00112
1213
0
0.001162
1025
0
0.000948
1321
0
0.001275
940
0
0.00088
2091
0
0.002093
1052
1466
0.001386
1256
0
0.001404
1379
0
0.001346
1151
0
0.001135
1052
0
0.001035
1281
0
0.001287
1062
0
0.001041
963
0
0.000935
931
0
0.000907
1194
0
0.001208
2640
80
0.002834
3291
0
0.003367
1684
0
0.001603
1533
0
0.001471
1505
0
0.001449
1435
0
0.001403
1407
0
0.001341
1901
0
0.001828
1273
0
0.001236
2478
0
0.002533
9363
0
0.011866
5900
439
0.00618
7249
0
0.007694
10354
0
0.011906
8322
0
0.008903
7256
0
0.007792
10898
0
0.011855
8850
0
0.009514
10474
0
0.011446
9079
0
0.009692
18486
0
0.021872
9125
378
0.010796
12986
0
0.017187
15153
0
0.016818
13681
0
0.014624
10151
0
0.010555
16928
0
0.017619
16523
0
0.017331
16226
0
0.016887
13700
0
0.014141
25661
0
0.032774
18776
620
0.020007
17337
0
0.01971
23410
0
0.025379
24236
0
0.026217
17601
0
0.018833
23841
0
0.025831
20940
0
0.022611
24961
0
0.028593
19480
0
0.022903
25105
0
0.028489
17279
693
0.018222
19111
0
0.020544
25465
0
0.029924
25040
0
0.027174
17760
0
0.019203
24874
0
0.036436
22452
0
0.024617
26187
0
0.028598
20924
0
0.022515
800
0
0.000804
935
2536
0.001076
973
0
0.000983
911
0
0.000887
785
0
0.000754
737
0
0.000711
1044
0
0.001026
772
0
0.000749
1118
0
0.001162
746
0
0.000713
2333
0
0.002467
3287
1023
0.003538
2869
0
0.003037
2999
0
0.003169
2567
0
0.002754
2685
0
0.002852
2489
0
0.002624
2712
0
0.002811
2097
0
0.002248
2470
0
0.002618
22506
0
0.024668
15320
195
0.016022
18480
0
0.019555
20656
0
0.021904
19598
0
0.020793
14950
0
0.01578
23992
0
0.026124
21801
0
0.023441
22006
0
0.023515
19877
0
0.021254
