1.68286
19330030
9330030
10000000
691
170
0.002133
709
0
0.001494
902
0
0.001961
371
0
0.000996
511
0
0.001177
591
0
0.001314
432
0
0.00112
481
0
0.001154
414
0
0.001193
792
2
0.001801
566
270
0.001514
918
0
0.001927
1084
0
0.002214
528
0
0.001316
663
0
0.001505
640
0
0.00144
703
0
0.001659
637
0
0.001684
574
0
0.001391
717
0
0.001612
708
30
0.001677
689
0
0.00184
760
0
0.001745
227
0
0.000878
377
0
0.001005
475
0
0.001213
353
0
0.005492
406
0
0.001211
279
0
0.000921
761
0
0.001825
5634
0
0.012493
2911
58
0.005583
4274
0
0.008044
6406
0
0.016779
4902
0
0.008456
4216
0
0.006003
5592
0
0.008244
5583
0
0.007893
5048
0
0.009273
6272
0
0.009113
5236
0
0.008003
3374
29
0.00589
4976
0
0.010745
6002
0
0.018738
4856
0
0.022654
3695
0
0.015042
5617
0
0.0153
6236
0
0.016432
5969
0
0.00884
6671
0
0.015434
19193
0
0.065814
14881
70
0.023765
13904
0
0.020382
18047
0
0.027135
19367
0
0.041005
12997
0
0.019477
16607
0
0.042343
16677
0
0.024677
17824
0
0.044763
16007
0
0.028254
19904
0
0.045901
12704
155
0.024776
14794
0
0.020962
19586
0
0.032768
20226
0
0.036292
13572
0
0.033074
17717
0
0.029998
16943
0
0.02855
19248
0
0.028573
16363
0
0.028768
238
0
0.006332
285
65
0.001124
277
0
0.00075
261
0
0.000769
176
0
0.000621
191
0
0.000758
368
0
0.000978
253
0
0.00086
269
0
0.000801
213
0
0.000709
793
0
0.002177
957
124
0.001773
1104
0
0.002177
738
0
0.001346
924
0
0.001767
952
0
0.001584
841
0
0.001484
810
0
0.00141
702
0
0.010494
855
0
0.001539
15043
0
0.024116
10732
43
0.015151
11189
0
0.015507
13108
0
0.01831
12459
0
0.022459
8805
0
0.020309
15485
0
0.036064
14333
0
0.023466
14273
0
0.057749
14022
0
0.042786
